                                     [48;2;24;16;16m [0m                  
                                     [48;2;24;16;16m [0m                  
                            [38;2;64;48;88m▄[48;2;152;136;136m▀▀[0m[38;2;64;48;88m▄[0m     [48;2;24;16;16m [0m                  
                          [38;2;64;48;88m▄[48;2;192;176;160m▀   [38;2;192;176;160;48;2;232;216;184m▀[48;2;64;48;88m [38;2;64;48;88;48;2;192;176;160m▀[38;2;24;16;16;48;2;104;88;112m▀[0m[38;2;24;16;16m▄[0m [48;2;24;16;16m [0m                  
                          [38;2;64;48;88;48;2;24;16;16m▀[38;2;192;176;160;48;2;152;136;136m▀[48;2;232;216;184m▀▀ [38;2;232;216;184;48;2;192;176;160m▀[48;2;64;48;88m [38;2;192;176;160;48;2;104;88;112m▀ [48;2;24;16;16m [0m [48;2;24;16;16m [0m                  
                          [38;2;24;16;16m▄[38;2;64;48;88;48;2;24;16;16m▀[38;2;192;176;160;48;2;64;48;88m▀[38;2;232;216;184m▀[38;2;152;136;136m▀[38;2;64;48;88;48;2;152;136;136m▀ [48;2;104;88;112m  [48;2;24;16;16m [38;2;24;16;16;48;2;104;88;112m▀[48;2;24;16;16m [0m                  
                        [38;2;24;16;16m▄[48;2;192;176;160m▀[38;2;152;136;136m▀[48;2;152;136;136m  [38;2;64;48;88m▀[38;2;192;176;160;48;2;64;48;88m▀[48;2;152;136;136m [48;2;192;176;160m [48;2;152;136;136m [48;2;24;16;16m [48;2;104;88;112m  [48;2;24;16;16m [0m                  
                       [48;2;24;16;16m [38;2;192;176;160;48;2;152;136;136m▀[48;2;192;176;160m   [38;2;152;136;136m▀[48;2;152;136;136m [38;2;104;88;112m▀[38;2;64;48;88m▀[38;2;152;136;136;48;2;64;48;88m▀[48;2;152;136;136m [48;2;24;16;16m [48;2;104;88;112m  [48;2;24;16;16m [0m                  
             [38;2;24;16;16m▄[48;2;232;216;184m▀[48;2;128;112;128m▀[0m[38;2;24;16;16m▄▄[0m     [48;2;24;16;16m [48;2;152;136;136m  [38;2;192;176;160m▀[48;2;232;216;184m▀[48;2;192;176;160m  [38;2;152;136;136m▀[48;2;152;136;136m  [38;2;64;48;88m▀[38;2;24;16;16m▀[38;2;64;48;88m▀▀[48;2;24;16;16m [0m[38;2;24;16;16m▄▄▄[0m               
             [48;2;24;16;16m [48;2;128;112;128m [38;2;232;216;184;48;2;192;176;160m▀[38;2;128;112;128;48;2;232;216;184m▀[38;2;192;176;160;48;2;128;112;128m▀[38;2;24;16;16;48;2;192;176;160m▀▀[0m[38;2;24;16;16m▄[0m  [48;2;24;16;16m [48;2;152;136;136m    [48;2;232;216;184m [38;2;192;176;160;48;2;104;88;112m▀       [48;2;24;16;16m [48;2;64;48;88m   [38;2;24;16;16m▀[0m[38;2;24;16;16m▄[0m             
            [48;2;24;16;16m [48;2;128;112;128m [38;2;104;88;112;48;2;192;176;160m▀[38;2;192;176;160;48;2;104;88;112m▀[48;2;128;112;128m [38;2;232;216;184;48;2;192;176;160m▀[38;2;128;112;128;48;2;232;216;184m▀[38;2;192;176;160;48;2;104;88;112m▀[48;2;192;176;160m [38;2;24;16;16m▀[0m[38;2;24;16;16m▄[48;2;24;16;16m [48;2;152;136;136m    [48;2;232;216;184m [48;2;104;88;112m        [48;2;24;16;16m [48;2;64;48;88m     [48;2;24;16;16m [0m            
      [38;2;24;16;16m▄▄[48;2;192;176;160m▀▀[48;2;152;136;136m▀[48;2;128;112;128m▀[48;2;24;16;16m [38;2;128;112;128m▀[38;2;192;176;160;48;2;152;136;136m▀[48;2;128;112;128m [38;2;104;88;112;48;2;192;176;160m▀[38;2;192;176;160;48;2;104;88;112m▀[48;2;232;216;184m [48;2;128;112;128m [38;2;104;88;112m▀▀[38;2;192;176;160;48;2;104;88;112m▀[38;2;24;16;16m▀[38;2;152;136;136;48;2;24;16;16m▀[48;2;104;88;112m▀[48;2;152;136;136m  [48;2;232;216;184m [48;2;104;88;112m        [48;2;24;16;16m [48;2;64;48;88m  [48;2;104;88;112m  [38;2;104;88;112;48;2;64;48;88m▀[48;2;24;16;16m [0m            
     [48;2;24;16;16m [38;2;232;216;184;48;2;152;136;136m▀[38;2;24;16;16;48;2;192;176;160m▀[38;2;128;112;128;48;2;24;16;16m▀[38;2;192;176;160;48;2;64;48;88m▀[48;2;192;176;160m [48;2;152;136;136m [48;2;128;112;128m [48;2;24;16;16m [38;2;24;16;16;48;2;255;255;255m▀[38;2;128;112;128;48;2;24;16;16m▀[48;2;192;176;160m [48;2;232;216;184m [48;2;128;112;128m      [38;2;104;88;112m▀[48;2;24;16;16m [48;2;152;136;136m  [48;2;232;216;184m [48;2;104;88;112m        [48;2;24;16;16m [48;2;64;48;88m  [48;2;104;88;112m  [48;2;64;48;88m▀[48;2;24;16;16m [0m            
      [48;2;24;16;16m [38;2;152;136;136m▀[48;2;152;136;136m [38;2;64;48;88;48;2;104;88;112m▀[48;2;192;176;160m [48;2;152;136;136m [48;2;128;112;128m [48;2;24;16;16m [48;2;255;255;255m [38;2;255;255;255;48;2;24;16;16m▀ [38;2;232;216;184m▀[48;2;128;112;128m      [48;2;24;16;16m [48;2;152;136;136m   [48;2;232;216;184m [48;2;104;88;112m        [48;2;24;16;16m [48;2;64;48;88m  [48;2;104;88;112m  [38;2;104;88;112;48;2;64;48;88m▀[48;2;24;16;16m [0m[38;2;24;16;16m▄▄[0m          
  [38;2;24;16;16m▄▄▄▄[48;2;24;16;16m [38;2;152;136;136;48;2;192;176;160m▀[38;2;24;16;16;48;2;64;48;88m▀[38;2;152;136;136;48;2;192;176;160m▀ [48;2;152;136;136m [48;2;128;112;128m [48;2;24;16;16m [38;2;24;16;16;48;2;64;48;88m▀[48;2;128;112;128m▀[48;2;64;48;88m  ▀▀[38;2;128;112;128;48;2;24;16;16m▀▀[48;2;128;112;128m [48;2;24;16;16m▀ [48;2;152;136;136m   [48;2;192;176;160m [48;2;104;88;112m        [48;2;24;16;16m [48;2;64;48;88m  [38;2;64;48;88;48;2;104;88;112m▀▀▀[48;2;64;48;88m [48;2;24;16;16m [48;2;104;88;112m [48;2;24;16;16m [38;2;24;16;16;48;2;144;88;112m▀▀▀[0m[38;2;24;16;16m▄[0m     
[48;2;24;16;16m [38;2;24;16;16;48;2;232;216;184m▀[48;2;184;104;96m [38;2;184;104;96;48;2;240;176;88m▀▀▀[38;2;24;16;16;48;2;184;104;96m▀[38;2;192;176;160;48;2;24;16;16m▀[38;2;64;48;88;48;2;192;176;160m▀  [48;2;152;136;136m [48;2;128;112;128m [48;2;24;16;16m [48;2;144;88;112m ▀[38;2;128;112;128;48;2;64;48;88m▀[38;2;64;48;88;48;2;128;112;128m▀▀[38;2;192;176;160m▀[38;2;128;112;128;48;2;64;48;88m▀▀[38;2;24;16;16;48;2;104;88;112m▀[38;2;64;48;88;48;2;128;112;128m▀[38;2;144;88;112;48;2;64;48;88m▀[38;2;64;48;88;48;2;144;88;112m▀[38;2;152;136;136;48;2;64;48;88m▀[48;2;152;136;136m [48;2;192;176;160m [48;2;104;88;112m        [48;2;24;16;16m [48;2;64;48;88m  [48;2;104;88;112m   [48;2;64;48;88m [48;2;24;16;16m [48;2;104;88;112m [48;2;24;16;16m [48;2;144;88;112m    [38;2;24;16;16m▀[0m[38;2;24;16;16m▄[0m   
[48;2;24;16;16m [38;2;232;216;184;48;2;128;112;128m▀[38;2;104;88;112;48;2;232;216;184m▀[38;2;184;104;96m▀[38;2;240;176;88;48;2;104;88;112m▀▀[48;2;184;104;96m▀[38;2;184;104;96;48;2;240;176;88m▀▀[38;2;24;16;16m▀▀▀[48;2;184;104;96m▀[38;2;144;88;112m▀▀▀▀[38;2;24;16;16m▀▀▀▀▀▀▀▀[38;2;144;88;112m▀▀[38;2;64;48;88m▀[48;2;192;176;160m [48;2;104;88;112m        [48;2;24;16;16m [48;2;64;48;88m  [48;2;104;88;112m   [48;2;64;48;88m [38;2;24;16;16;48;2;144;88;112m▀▀       ▀[0m[38;2;24;16;16m▄[0m 
 [38;2;24;16;16m▀[38;2;128;112;128;48;2;24;16;16m▀[48;2;128;112;128m [38;2;232;216;184m▀▀▀[38;2;104;88;112;48;2;232;216;184m▀▀▀▀▀▀▀▀▀▀▀▀▀▀▀▀▀▀▀▀▀[38;2;64;48;88m▀▀▀▀▀▀▀▀▀[38;2;24;16;16m▀[38;2;64;48;88m▀▀▀▀▀▀[38;2;104;88;112m▀▀▀▀▀▀▀▀▀▀▀[48;2;24;16;16m [0m
  [38;2;24;16;16m▀[38;2;128;112;128;48;2;24;16;16m▀[48;2;128;112;128m   [48;2;192;176;160m▀[38;2;192;176;160;48;2;128;112;128m▀ [48;2;64;48;88m [48;2;128;112;128m     [38;2;128;112;128;48;2;152;136;136m▀[48;2;104;88;112m▀[48;2;128;112;128m   [48;2;152;136;136m▀[48;2;104;88;112m▀[48;2;128;112;128m            [48;2;152;136;136m▀[48;2;104;88;112m▀[48;2;128;112;128m  [48;2;152;136;136m▀[48;2;104;88;112m▀[48;2;128;112;128m  [48;2;152;136;136m▀[48;2;104;88;112m▀[48;2;128;112;128m  [48;2;152;136;136m▀[48;2;104;88;112m▀[48;2;128;112;128m      [48;2;24;16;16m [0m
  [38;2;88;96;152m▄[38;2;24;16;16;48;2;112;152;232m▀[38;2;128;112;128;48;2;24;16;16m▀[48;2;128;112;128m   [48;2;192;224;248m▀[38;2;64;48;88m▀[38;2;104;88;112;48;2;128;112;128m▀  [38;2;128;112;128;48;2;112;152;232m▀[48;2;192;224;248m▀▀[38;2;152;136;136;48;2;112;152;232m▀[38;2;104;88;112;48;2;128;112;128m▀   [38;2;152;136;136m▀[38;2;104;88;112m▀            [38;2;152;136;136m▀[38;2;104;88;112m▀  [38;2;152;136;136m▀[38;2;104;88;112m▀  [38;2;152;136;136m▀[38;2;104;88;112m▀  [38;2;152;136;136m▀[38;2;104;88;112m▀      [48;2;24;16;16m [0m
  [48;2;88;96;152m [38;2;192;224;248;48;2;112;152;232m▀[38;2;24;16;16;48;2;88;96;152m▀[48;2;104;88;112m [38;2;104;88;112;48;2;192;224;248m▀  [38;2;192;224;248;48;2;248;248;248m▀[48;2;192;224;248m [38;2;128;112;128m▀[38;2;112;152;232m▀     ▀[38;2;128;112;128m▀[48;2;104;88;112m▀▀▀▀▀▀▀▀▀▀▀▀▀▀▀▀▀▀▀▀▀▀▀▀▀▀▀▀▀▀▀▀[48;2;24;16;16m [0m[38;2;24;16;16m▀▀▀[0m
   [38;2;88;96;152m▀[48;2;88;96;152m [38;2;192;224;248m▀[48;2;192;224;248m [38;2;112;152;232;48;2;88;96;152m▀[48;2;192;224;248m [48;2;88;96;152m ▀ [38;2;192;224;248m▀   [38;2;112;152;232m▀[38;2;192;224;248m▀[38;2;112;152;232m▀[48;2;192;224;248m  [38;2;192;224;248;48;2;112;152;232m▀[48;2;104;88;112m [38;2;104;88;112;48;2;112;152;232m▀[48;2;192;224;248m▀[38;2;112;152;232m▀ [48;2;112;152;232m [48;2;104;88;112m                        [48;2;24;16;16m [38;2;88;96;152;48;2;112;152;232m▀[48;2;88;96;152m [0m 
    [38;2;88;96;152m▀▀▀[48;2;88;96;152m          [48;2;112;152;232m▀[48;2;88;96;152m  [38;2;112;152;232m▀[48;2;192;224;248m [38;2;192;224;248;48;2;112;152;232m▀[48;2;192;224;248m [48;2;88;96;152m▀▀▀▀[48;2;112;152;232m▀[38;2;112;152;232;48;2;192;224;248m▀[38;2;192;224;248;48;2;112;152;232m▀[48;2;88;96;152m▀▀▀▀▀▀[38;2;112;152;232m▀[38;2;192;224;248m▀▀▀▀▀▀[38;2;112;152;232m▀▀▀▀▀▀▀▀▀[0m[38;2;88;96;152m▀[0m  
                [38;2;88;96;152m▀▀[48;2;88;96;152m [38;2;112;152;232m▀[38;2;192;224;248m▀[48;2;112;152;232m▀▀▀[38;2;112;152;232;48;2;88;96;152m▀ [0m [38;2;88;96;152m▀▀▀▀▀[0m                        
                     [38;2;88;96;152m▀▀[0m                                 
