            [38;2;0;0;0m▄[48;2;192;176;152m▀▀▀▀▀▀▀[48;2;144;136;136m▀[0m[38;2;0;0;0m▄[0m                                   
    [38;2;0;0;0m▄▄[48;2;192;176;152m▀[48;2;232;216;184m▀▀▀[48;2;192;176;152m▀▀[38;2;192;176;152;48;2;0;0;0m▀▀▀▀▀[48;2;192;176;152m  [48;2;144;136;136m   [38;2;0;0;0m▀[0m[38;2;0;0;0m▄[0m                                 
  [38;2;0;0;0m▄[48;2;192;176;152m▀[38;2;192;176;152;48;2;232;216;184m▀  [38;2;232;216;184;48;2;248;248;248m▀[48;2;232;216;184m   [38;2;192;176;152m▀[48;2;192;176;152m  [38;2;144;136;136m▀[38;2;192;176;152;48;2;144;136;136m▀[48;2;192;176;152m [38;2;0;0;0m▀▀▀[48;2;144;136;136m▀▀[38;2;144;136;136;48;2;0;0;0m▀▀ [0m[38;2;0;0;0m▄▄▄[0m                     [38;2;0;0;0m▄▄[48;2;96;96;168m▀▀[0m[38;2;0;0;0m▄[0m   
 [48;2;0;0;0m [38;2;192;176;152;48;2;232;216;184m▀   [38;2;248;248;248m▀▀[48;2;248;248;248m [38;2;232;216;184m▀[48;2;232;216;184m  [38;2;192;176;152m▀[48;2;192;176;152m   [38;2;144;136;136;48;2;104;88;112m▀[48;2;232;216;184m [38;2;192;176;152m▀[48;2;192;176;152m   [38;2;144;136;136m▀[48;2;144;136;136m [38;2;104;88;112m▀[38;2;144;136;136;48;2;104;88;112m▀[48;2;192;176;152m▀[48;2;144;136;136m [38;2;0;0;0m▀▀▀[48;2;104;88;112m▀[48;2;144;136;136m▀[48;2;104;88;112m▀▀▀▀▀[48;2;64;48;88m▀▀▀▀[48;2;0;0;0m [0m[38;2;0;0;0m▄▄▄▄[48;2;96;96;168m▀▀[48;2;96;136;200m [38;2;96;96;168m▀[48;2;96;96;168m [38;2;96;136;200m▀[38;2;96;96;168;48;2;96;136;200m▀[38;2;0;0;0;48;2;96;96;168m▀[0m[38;2;0;0;0m▄[0m 
[48;2;0;0;0m [38;2;192;176;152;48;2;232;216;184m▀[38;2;64;48;88m▀[38;2;232;216;184;48;2;64;48;88m▀▀[48;2;232;216;184m        [48;2;192;176;152m   [48;2;104;88;112m [48;2;192;176;152m      [48;2;144;136;136m  [48;2;104;88;112m [48;2;192;176;152m [48;2;144;136;136m        [38;2;104;88;112m▀▀[48;2;64;48;88m▀[48;2;104;88;112m  [38;2;64;48;88;48;2;0;0;0m▀[48;2;64;48;88m    [38;2;96;96;168m▀[48;2;96;96;168m [38;2;96;136;200m▀[38;2;96;96;168;48;2;96;136;200m▀[48;2;96;96;168m [38;2;96;136;200m▀[48;2;96;136;200m [48;2;96;96;168m  [48;2;96;136;200m [48;2;96;96;168m [48;2;0;0;0m [0m
[48;2;0;0;0m [48;2;232;216;184m    [38;2;64;48;88m▀▀[38;2;232;216;184;48;2;64;48;88m▀▀[48;2;232;216;184m   [48;2;192;176;152m▀  [38;2;192;176;152;48;2;144;136;136m▀[38;2;144;136;136;48;2;192;176;152m▀      [48;2;144;136;136m  [48;2;104;88;112m [48;2;144;136;136m           [38;2;64;48;88m▀▀▀[48;2;104;88;112m▀[38;2;0;0;0;48;2;64;48;88m▀▀▀▀  [48;2;96;96;168m [48;2;96;136;200m [48;2;96;96;168m  [48;2;96;136;200m [48;2;96;96;168m  [48;2;96;136;200m [48;2;96;96;168m [48;2;0;0;0m [0m
[48;2;0;0;0m [48;2;232;216;184m         [38;2;232;216;184;48;2;192;176;152m▀   [38;2;192;176;152;48;2;144;136;136m▀[38;2;144;136;136;48;2;192;176;152m▀     [38;2;192;176;152;48;2;144;136;136m▀ [38;2;144;136;136;48;2;104;88;112m▀ [48;2;144;136;136m             [48;2;104;88;112m▀   [38;2;64;48;88m▀[48;2;64;48;88m    [48;2;96;96;168m [48;2;96;136;200m [48;2;96;96;168m  [48;2;96;136;200m [48;2;96;96;168m  [48;2;96;136;200m [48;2;96;96;168m [48;2;0;0;0m [0m
[48;2;0;0;0m [38;2;232;216;184;48;2;144;136;136m▀[48;2;232;216;184m      [48;2;192;176;152m▀ [38;2;192;176;152;48;2;104;88;112m▀[48;2;144;136;136m▀▀[38;2;144;136;136;48;2;192;176;152m▀    [38;2;192;176;152;48;2;144;136;136m▀[38;2;144;136;136;48;2;104;88;112m▀▀ [38;2;104;88;112;48;2;144;136;136m▀[38;2;144;136;136;48;2;192;176;152m▀▀▀▀▀▀[38;2;104;88;112;48;2;144;136;136m▀[48;2;192;176;152m▀▀▀▀▀[48;2;144;136;136m [38;2;144;136;136;48;2;104;88;112m▀ [38;2;104;88;112;48;2;192;176;152m▀▀▀▀▀[38;2;64;48;88m▀[48;2;64;48;88m  [48;2;96;96;168m [38;2;96;96;168;48;2;96;136;200m▀[38;2;96;136;200;48;2;96;96;168m▀ [38;2;96;96;168;48;2;96;136;200m▀ [48;2;96;96;168m  [48;2;96;136;200m [48;2;96;96;168m [48;2;0;0;0m [0m
[48;2;0;0;0m [48;2;232;216;184m [38;2;192;176;152m▀[38;2;144;136;136m▀▀[38;2;104;88;112m▀▀▀[38;2;144;136;136m▀▀[38;2;192;176;152m▀▀▀▀▀ [38;2;232;216;184;48;2;192;176;152m▀[38;2;144;136;136;48;2;104;88;112m▀[38;2;192;176;152;48;2;232;216;184m▀▀▀[48;2;192;176;152m [38;2;144;136;136m▀▀▀▀▀▀▀▀▀       [38;2;0;0;0;48;2;104;88;112m▀[38;2;104;88;112;48;2;0;0;0m▀[48;2;104;88;112m [48;2;64;48;88m▀   [48;2;0;0;0m  [38;2;96;96;168m▀▀[48;2;96;136;200m [38;2;96;136;200;48;2;96;96;168m▀ [38;2;96;96;168;48;2;96;136;200m▀[38;2;96;136;200;48;2;96;96;168m▀[38;2;96;96;168;48;2;0;0;0m▀[0m[38;2;0;0;0m▀[0m 
[48;2;0;0;0m [38;2;232;216;184;48;2;192;176;152m▀▀▀▀▀    [48;2;144;136;136m [48;2;192;176;152m▀  [38;2;192;176;152;48;2;144;136;136m▀[48;2;192;176;152m [48;2;144;136;136m▀[48;2;104;88;112m [48;2;64;48;88m [38;2;0;0;0m▀▀[38;2;232;216;184;48;2;0;0;0m▀[48;2;64;48;88m▀[38;2;192;176;152;48;2;232;216;184m▀▀[48;2;192;176;152m         [38;2;144;136;136m▀▀[38;2;104;88;112m▀▀[38;2;64;48;88m▀▀[38;2;0;0;0m▀[38;2;64;48;88;48;2;0;0;0m▀[48;2;64;48;88m   [48;2;0;0;0m [0m   [38;2;0;0;0m▀▀[38;2;96;96;168;48;2;0;0;0m▀▀[0m[38;2;0;0;0m▀[0m   
[48;2;0;0;0m [38;2;192;176;152;48;2;144;136;136m▀[48;2;192;176;152m   [48;2;144;136;136m▀▀ ▀ [48;2;104;88;112m [48;2;144;136;136m▀      [48;2;104;88;112m [48;2;64;48;88m    [38;2;0;0;0m▀ [38;2;232;216;184;48;2;0;0;0m▀[48;2;192;176;152m▀[38;2;192;176;152;48;2;232;216;184m▀[48;2;192;176;152m      [38;2;144;136;136m▀▀[48;2;144;136;136m [48;2;192;176;152m▀[48;2;144;136;136m [48;2;192;176;152m▀▀▀[38;2;0;0;0m▀[38;2;64;48;88;48;2;0;0;0m▀ [0m            
[38;2;0;0;0m▀[38;2;104;88;112;48;2;0;0;0m▀[38;2;144;136;136;48;2;104;88;112m▀[48;2;144;136;136m   [48;2;104;88;112m▀▀ ▀ ▀ ▀ ▀   [38;2;64;48;88;48;2;0;0;0m▀▀▀▀[48;2;64;48;88m   [38;2;0;0;0m▀[38;2;192;176;152;48;2;0;0;0m▀[38;2;232;216;184;48;2;192;176;152m▀[38;2;192;176;152;48;2;232;216;184m▀[48;2;192;176;152m       [38;2;144;136;136m▀[38;2;192;176;152;48;2;144;136;136m▀[38;2;144;136;136;48;2;192;176;152m▀[38;2;192;176;152;48;2;144;136;136m▀[48;2;192;176;152m   [38;2;0;0;0m▀[0m[38;2;0;0;0m▄[0m           
[48;2;0;0;0m [38;2;96;136;200m▀[38;2;0;0;0;48;2;96;136;200m▀▀[48;2;0;0;0m [38;2;104;88;112m▀▀▀[48;2;64;48;88m ▀ ▀ ▀ ▀ ▀     [38;2;0;0;0m▀▀▀▀▀▀[38;2;192;176;152;48;2;0;0;0m▀[48;2;192;176;152m         [38;2;144;136;136m▀ ▀▀▀▀▀[38;2;0;0;0m▀[0m[38;2;0;0;0m▄[0m         
[38;2;0;0;0m▀[38;2;96;136;200;48;2;0;0;0m▀[38;2;208;200;184m▀[38;2;96;136;200m▀ [38;2;64;48;88m▀▀[38;2;0;0;0;48;2;64;48;88m▀   [38;2;64;48;88;48;2;0;0;0m▀▀▀▀[0m[38;2;0;0;0m▀▀▀▀▀▀▀[48;2;0;0;0m [48;2;64;48;88m▀▀▀▀▀[48;2;0;0;0m [48;2;192;176;152m▀▀[38;2;192;176;152;48;2;0;0;0m▀[48;2;192;176;152m         [38;2;144;136;136m▀[48;2;144;136;136m [48;2;192;176;152m▀▀▀▀▀[38;2;0;0;0m▀[0m[38;2;0;0;0m▄[0m       
      [38;2;0;0;0m▀▀▀▀▀[0m            [38;2;0;0;0m▀[38;2;64;48;88;48;2;0;0;0m▀▀▀▀ [38;2;192;176;152;48;2;104;88;112m▀▀[38;2;144;136;136m▀[38;2;0;0;0m▀[38;2;192;176;152;48;2;0;0;0m▀[48;2;192;176;152m [48;2;232;216;184m▀[48;2;192;176;152m     [38;2;144;136;136m▀▀▀[38;2;192;176;152;48;2;144;136;136m▀[48;2;192;176;152m     [38;2;0;0;0m▀[0m[38;2;0;0;0m▄[0m     
                         [48;2;0;0;0m [38;2;248;248;248;48;2;120;184;232m▀▀ [38;2;64;48;88m▀[48;2;0;0;0m▀▀▀▀[38;2;0;0;0;48;2;144;136;136m▀[38;2;192;176;152;48;2;0;0;0m▀[38;2;232;216;184;48;2;192;176;152m▀[38;2;192;176;152;48;2;232;216;184m▀▀[48;2;144;136;136m▀▀ [38;2;144;136;136;48;2;192;176;152m▀▀▀▀▀▀▀▀▀▀[38;2;0;0;0m▀[0m[38;2;0;0;0m▄[0m   
                          [38;2;0;0;0m▀▀[48;2;0;0;0m [48;2;248;248;248m▀▀[48;2;120;184;232m▀[38;2;96;136;200m▀[38;2;0;0;0m▀▀▀[48;2;96;136;200m▀▀[38;2;192;176;152;48;2;0;0;0m▀[38;2;232;216;184;48;2;192;176;152m▀[38;2;192;176;152;48;2;232;216;184m▀▀[48;2;192;176;152m [48;2;232;216;184m▀▀▀▀▀▀▀[48;2;192;176;152m    [48;2;0;0;0m [0m  
                            [38;2;0;0;0m▀[38;2;120;184;232;48;2;0;0;0m▀▀▀[48;2;96;136;200m▀[48;2;0;0;0m▀[38;2;96;136;200m▀▀▀▀▀ [38;2;192;176;152m▀[38;2;232;216;184m▀[38;2;144;136;136m▀▀▀▀▀▀▀▀▀▀▀ [0m   
                                [38;2;0;0;0m▀▀[0m                       
