                                 [38;2;120;176;232m▄▄▄▄▄[48;2;255;255;255m▀▀▀▀▀▀▀▀▀[0m[38;2;120;176;232m▄▄▄▄[0m      
                             [38;2;120;176;232m▄[48;2;255;255;255m▀▀▀       [38;2;255;255;255;48;2;8;8;8m▀▀▀▀▀[48;2;255;255;255m      [38;2;120;176;232m▀▀▀[0m[38;2;120;176;232m▄▄[0m 
                            [48;2;120;176;232m [48;2;255;255;255m         [38;2;255;255;255;48;2;8;8;8m▀[38;2;8;8;8;48;2;96;112;168m▀[38;2;96;112;168;48;2;120;176;232m▀[48;2;96;136;200m▀▀[48;2;96;112;168m  [38;2;8;8;8m▀[38;2;255;255;255;48;2;8;8;8m▀[48;2;255;255;255m         [48;2;120;176;232m [0m
                             [38;2;120;176;232m▀[38;2;255;255;255;48;2;120;176;232m▀▀▀[48;2;255;255;255m  [48;2;8;8;8m▀[38;2;8;8;8;48;2;168;152;152m▀[48;2;216;200;176m▀[48;2;168;152;152m▀[38;2;96;112;168;48;2;8;8;8m▀[38;2;96;136;200;48;2;88;64;96m▀[48;2;96;112;168m▀  [38;2;96;112;168;48;2;88;64;96m▀[48;2;8;8;8m▀[38;2;8;8;8;48;2;152;136;136m▀[48;2;168;152;152m▀▀[38;2;255;255;255;48;2;8;8;8m▀[48;2;255;255;255m [48;2;120;176;232m▀▀▀▀[0m[38;2;120;176;232m▀[0m 
     [38;2;120;176;232m▄▄▄▄▄[48;2;255;255;255m▀▀▀▀▀▀▀▀▀[0m[38;2;120;176;232m▄▄▄▄[0m          [38;2;120;176;232;48;2;8;8;8m▀[48;2;216;200;176m▀▀▀▀[38;2;216;200;176;48;2;120;176;232m▀[38;2;168;152;152m▀[38;2;8;8;8m▀▀▀▀▀[38;2;152;136;136m▀[38;2;168;152;152m▀[38;2;120;176;232;48;2;168;152;152m▀▀[48;2;128;112;128m▀[48;2;8;8;8m▀[0m      
 [38;2;120;176;232m▄[48;2;255;255;255m▀▀▀       [38;2;255;255;255;48;2;8;8;8m▀▀▀▀▀[48;2;255;255;255m      [38;2;120;176;232m▀▀▀[0m[38;2;120;176;232m▄▄[0m    [48;2;8;8;8m [38;2;192;176;160;48;2;216;200;176m▀   [38;2;216;200;176;48;2;192;176;160m▀[38;2;192;176;160;48;2;168;152;152m▀▀[48;2;152;136;136m▀▀▀▀▀[38;2;168;152;152m▀▀▀  [48;2;8;8;8m [0m      
[48;2;120;176;232m [48;2;255;255;255m         [38;2;255;255;255;48;2;8;8;8m▀[38;2;8;8;8;48;2;96;112;168m▀[38;2;96;112;168;48;2;120;176;232m▀[48;2;96;136;200m▀▀[48;2;96;112;168m  [38;2;8;8;8m▀[38;2;255;255;255;48;2;8;8;8m▀[48;2;255;255;255m         [48;2;120;176;232m [0m  [48;2;8;8;8m [38;2;192;176;160;48;2;216;200;176m▀  [38;2;216;200;176;48;2;192;176;160m▀[38;2;192;176;160;48;2;168;152;152m▀[38;2;168;152;152;48;2;152;136;136m▀            [48;2;8;8;8m [0m      
 [38;2;120;176;232m▀[38;2;255;255;255;48;2;120;176;232m▀▀▀[48;2;255;255;255m  [48;2;8;8;8m▀[38;2;8;8;8;48;2;168;152;152m▀[48;2;216;200;176m▀[48;2;168;152;152m▀[38;2;96;112;168;48;2;8;8;8m▀[38;2;96;136;200;48;2;88;64;96m▀[48;2;96;112;168m▀  [38;2;96;112;168;48;2;88;64;96m▀[48;2;8;8;8m▀[38;2;8;8;8;48;2;152;136;136m▀[48;2;168;152;152m▀▀[38;2;255;255;255;48;2;8;8;8m▀[48;2;255;255;255m [48;2;120;176;232m▀▀▀▀[0m[38;2;120;176;232m▀[0m   [48;2;8;8;8m [48;2;216;200;176m   [38;2;168;152;152;48;2;152;136;136m▀          [38;2;128;112;128m▀▀▀▀[48;2;8;8;8m [0m      
     [38;2;120;176;232;48;2;8;8;8m▀[48;2;216;200;176m▀[48;2;232;216;184m▀▀▀[38;2;216;200;176;48;2;120;176;232m▀[38;2;168;152;152m▀[38;2;8;8;8m▀▀▀▀▀[38;2;152;136;136m▀[38;2;168;152;152m▀[38;2;120;176;232;48;2;192;176;160m▀▀[48;2;168;152;152m▀[48;2;8;8;8m▀[0m        [48;2;8;8;8m [48;2;216;200;176m  [38;2;216;200;176;48;2;192;176;160m▀[48;2;152;136;136m               [48;2;8;8;8m [0m      
   [38;2;8;8;8m▄[48;2;216;200;176m▀[38;2;216;200;176;48;2;232;216;184m▀    ▀[48;2;216;200;176m     [48;2;168;152;152m▀▀▀[38;2;192;176;160m▀[48;2;192;176;160m  [38;2;8;8;8;48;2;128;112;128m▀[48;2;168;152;152m▀▀[48;2;192;176;160m▀▀▀▀▀[38;2;64;48;88m▀[38;2;8;8;8m▀[38;2;216;200;176;48;2;152;136;136m▀[48;2;216;200;176m [48;2;192;176;160m [48;2;152;136;136m               [48;2;8;8;8m [0m      
  [38;2;8;8;8m▄[48;2;216;200;176m▀[38;2;216;200;176;48;2;232;216;184m▀    [38;2;232;216;184;48;2;216;200;176m▀▀ [38;2;216;200;176;48;2;192;176;160m▀[48;2;216;200;176m [38;2;168;152;152m▀[38;2;192;176;160m▀  ▀▀[38;2;152;136;136m▀[38;2;168;152;152m▀▀▀▀[38;2;192;176;160m▀▀      [38;2;152;136;136m▀[38;2;192;176;160;48;2;152;136;136m▀               [48;2;8;8;8m [0m      
 [38;2;8;8;8m▄[48;2;216;200;176m▀ [38;2;232;216;184m▀[48;2;232;216;184m   [48;2;216;200;176m   [38;2;192;176;160m▀       [38;2;216;200;176;48;2;192;176;160m▀▀▀▀▀▀▀▀▀▀▀▀▀▀▀▀[38;2;152;136;136m▀[48;2;128;112;128m▀▀▀▀▀▀▀▀▀▀▀[48;2;152;136;136m [48;2;128;112;128m▀▀[48;2;8;8;8m [0m      
 [48;2;8;8;8m [48;2;216;200;176m   [38;2;232;216;184m▀▀     [48;2;248;248;248m▀▀[48;2;232;216;184m  [48;2;216;200;176m [38;2;216;200;176;48;2;192;176;160m▀[38;2;192;176;160;48;2;168;152;152m▀▀▀▀▀▀▀▀▀▀▀▀▀▀▀▀▀▀▀▀▀▀▀▀▀▀▀▀▀▀▀ [48;2;8;8;8m [0m      
 [48;2;8;8;8m [38;2;152;136;136;48;2;216;200;176m▀[38;2;216;200;176;48;2;64;48;88m▀[48;2;168;152;152m▀[48;2;216;200;176m     [38;2;192;176;160;48;2;152;136;136m▀[48;2;216;200;176m [48;2;232;216;184m [38;2;248;248;248m▀ [38;2;232;216;184;48;2;216;200;176m▀[38;2;216;200;176;48;2;192;176;160m▀[38;2;192;176;160;48;2;168;152;152m▀ [38;2;168;152;152;48;2;152;136;136m▀▀▀▀▀▀▀▀▀▀▀▀▀▀▀▀▀▀▀▀▀▀▀▀▀▀▀▀▀▀▀[48;2;8;8;8m [0m      
 [48;2;8;8;8m [48;2;216;200;176m  [38;2;128;112;128m▀[38;2;64;48;88;48;2;232;216;184m▀▀[48;2;216;200;176m   [38;2;192;176;160;48;2;152;136;136m▀[48;2;216;200;176m     [48;2;168;152;152m▀  [38;2;168;152;152;48;2;192;176;160m▀▀[48;2;168;152;152m  [48;2;192;176;160m▀▀[48;2;168;152;152m    [48;2;192;176;160m▀▀[48;2;168;152;152m   [48;2;192;176;160m▀[48;2;168;152;152m               [48;2;8;8;8m [0m      
 [48;2;8;8;8m [48;2;216;200;176m        [38;2;192;176;160;48;2;152;136;136m▀[48;2;216;200;176m     [48;2;168;152;152m  [48;2;64;48;88m [38;2;64;48;88;48;2;128;112;128m▀[48;2;64;48;88m [48;2;192;176;160m [48;2;168;152;152m [48;2;64;48;88m [48;2;128;112;128m▀[48;2;64;48;88m [48;2;192;176;160m [48;2;168;152;152m [48;2;64;48;88m [48;2;128;112;128m▀[48;2;64;48;88m [48;2;192;176;160m [48;2;168;152;152m [48;2;64;48;88m [48;2;128;112;128m▀[48;2;64;48;88m [48;2;192;176;160m [48;2;168;152;152m             [48;2;8;8;8m [0m      
 [48;2;8;8;8m [48;2;216;200;176m        [48;2;152;136;136m [48;2;216;200;176m     [48;2;168;152;152m  [48;2;64;48;88m   [48;2;192;176;160m [48;2;168;152;152m [48;2;64;48;88m   [48;2;192;176;160m [48;2;168;152;152m [48;2;64;48;88m   [48;2;192;176;160m [48;2;168;152;152m [48;2;64;48;88m   [48;2;192;176;160m [48;2;168;152;152m             [48;2;8;8;8m [0m      
 [48;2;8;8;8m [48;2;216;200;176m       [48;2;192;176;160m [48;2;152;136;136m [38;2;64;48;88;48;2;168;152;152m▀[48;2;64;48;88m [38;2;216;200;176m▀[48;2;216;200;176m  [48;2;168;152;152m                                  [48;2;8;8;8m [0m      
 [38;2;8;8;8m▀[38;2;192;176;160;48;2;8;8;8m▀[48;2;216;200;176m     [48;2;192;176;160m  [38;2;152;136;136;48;2;128;112;128m▀[38;2;216;200;176;48;2;64;48;88m▀[38;2;168;152;152;48;2;216;200;176m▀[38;2;64;48;88m▀[38;2;168;152;152m▀▀▀[38;2;152;136;136m▀▀▀[38;2;168;152;152m▀▀[38;2;152;136;136m▀[38;2;168;152;152m▀▀▀[38;2;152;136;136m▀▀[38;2;168;152;152m▀▀[38;2;152;136;136m▀▀▀[38;2;168;152;152m▀▀[48;2;152;136;136m [48;2;128;112;128m▀[48;2;152;136;136m▀▀  ▀▀   ▀  ▀[48;2;8;8;8m [0m      
  [48;2;8;8;8m [38;2;128;112;128;48;2;152;136;136m▀[38;2;192;176;160;48;2;128;112;128m▀[38;2;216;200;176m▀[48;2;104;88;112m▀[38;2;192;176;160m▀▀[48;2;128;112;128m  [48;2;64;48;88m   [38;2;216;200;176;48;2;192;176;160m▀  ▀▀▀  ▀   ▀▀  ▀▀▀  [48;2;152;136;136m [48;2;128;112;128m [38;2;152;136;136m▀[48;2;152;136;136m           [48;2;128;112;128m▀[48;2;8;8;8m [0m      
  [48;2;8;8;8m [48;2;216;200;176m  [38;2;168;152;152;48;2;192;176;160m▀[48;2;168;152;152m   [48;2;152;136;136m▀[48;2;128;112;128m [38;2;64;48;88;48;2;216;200;176m▀[48;2;64;48;88m  [48;2;192;176;160m  [38;2;192;176;160;48;2;168;152;152m▀▀▀▀▀▀▀▀▀▀▀▀▀▀▀▀▀▀ [48;2;152;136;136m [48;2;128;112;128m [38;2;128;112;128;48;2;104;88;112m▀[48;2;152;136;136m          [38;2;152;136;136;48;2;128;112;128m▀ [48;2;8;8;8m [0m      
  [48;2;8;8;8m [48;2;192;176;160m [38;2;216;200;176m▀[38;2;192;176;160;48;2;168;152;152m▀ [38;2;168;152;152;48;2;152;136;136m▀[38;2;152;136;136;48;2;128;112;128m▀ [48;2;104;88;112m [38;2;216;200;176;48;2;192;176;160m▀[38;2;64;48;88;48;2;216;200;176m▀▀[48;2;192;176;160m [48;2;168;152;152m [38;2;168;152;152;48;2;152;136;136m▀▀▀▀▀▀▀▀▀▀▀▀▀▀▀▀▀▀▀ [48;2;128;112;128m [48;2;104;88;112m [48;2;152;136;136m         [48;2;128;112;128m  [38;2;128;112;128;48;2;104;88;112m▀[48;2;8;8;8m [0m      
  [48;2;8;8;8m [38;2;168;152;152;48;2;128;112;128m▀[48;2;152;136;136m▀▀[38;2;152;136;136;48;2;128;112;128m▀ [38;2;128;112;128;48;2;104;88;112m▀  [38;2;192;176;160;48;2;168;152;152m▀▀[38;2;216;200;176m▀[38;2;192;176;160m▀[48;2;152;136;136m                   [38;2;152;136;136;48;2;128;112;128m▀ [38;2;128;112;128;48;2;104;88;112m▀[38;2;104;88;112;48;2;128;112;128m▀[38;2;152;136;136m▀▀▀▀▀▀▀   [48;2;104;88;112m  [0m[38;2;8;8;8m▀[0m      
  [48;2;8;8;8m [38;2;128;112;128;48;2;104;88;112m▀▀▀▀     [38;2;152;136;136m▀▀▀▀[38;2;128;112;128m▀▀▀▀▀▀▀▀▀▀▀▀▀▀▀▀▀▀▀  ▀▀▀▀▀▀▀▀▀▀ [38;2;104;88;112;48;2;8;8;8m▀[0m[38;2;104;88;112m▀[0m       
   [38;2;8;8;8m▀[38;2;104;88;112;48;2;8;8;8m▀▀[48;2;104;88;112m                                       [48;2;8;8;8m▀▀[0m[38;2;104;88;112m▀[0m         
      [38;2;8;8;8m▀▀[38;2;104;88;112;48;2;8;8;8m▀▀▀▀▀▀▀▀▀▀▀▀▀▀▀▀▀▀▀▀▀▀▀▀▀▀▀▀▀▀[0m[38;2;8;8;8m▀▀▀▀▀▀▀[0m            
