             [38;2;0;0;8m▄▄[48;2;0;104;136m▀▀[48;2;192;168;152m▀[48;2;216;200;176m▀▀[48;2;192;168;152m▀[48;2;152;136;152m▀[48;2;96;64;112m▀[0m[38;2;0;0;8m▄▄[0m   
          [38;2;0;0;8m▄[48;2;0;104;136m▀[48;2;136;232;168m▀[38;2;136;232;168;48;2;248;240;240m▀▀[48;2;136;232;168m [48;2;0;104;136m▀[48;2;136;232;168m [38;2;152;136;152m▀[38;2;216;200;176;48;2;152;136;152m▀[48;2;216;200;176m [38;2;192;168;152m▀[38;2;152;136;152;48;2;192;168;152m▀[38;2;96;64;112;48;2;152;136;152m▀[48;2;96;64;112m [48;2;0;0;8m [0m  
        [38;2;0;0;8m▄[48;2;0;104;136m▀[38;2;0;104;136;48;2;136;232;168m▀[38;2;136;232;168;48;2;0;104;136m▀   [38;2;248;240;240m▀[48;2;136;232;168m [48;2;0;104;136m [38;2;136;232;168m▀[48;2;136;232;168m [48;2;152;136;152m [48;2;216;200;176m [48;2;192;168;152m [48;2;152;136;152m [48;2;96;64;112m  [48;2;0;0;8m [0m 
       [38;2;0;0;8m▄[48;2;0;104;136m▀[48;2;136;232;168m [38;2;136;232;168;48;2;0;104;136m▀        ▀[38;2;152;136;152;48;2;192;168;152m▀[38;2;216;200;176m▀[38;2;192;168;152;48;2;152;136;152m▀ [48;2;96;64;112m  [48;2;0;0;8m [0m 
       [48;2;0;0;8m [48;2;0;104;136m [48;2;136;232;168m [48;2;0;104;136m         [48;2;192;168;152m [38;2;216;200;176;48;2;152;136;152m▀  [48;2;96;64;112m  [38;2;96;64;112;48;2;0;0;8m▀[0m[38;2;0;0;8m▀[0m 
       [48;2;0;0;8m [38;2;0;104;136;48;2;152;136;152m▀[38;2;136;232;168;48;2;0;104;136m▀[48;2;136;232;168m [38;2;0;104;136m▀[48;2;0;104;136m     [48;2;192;168;152m▀[38;2;192;168;152;48;2;152;136;152m▀[38;2;152;136;152;48;2;0;0;8m▀[38;2;0;0;8;48;2;192;168;152m▀▀[38;2;96;64;112;48;2;0;0;8m▀[48;2;96;64;112m  [38;2;0;0;8m▀[0m[38;2;0;0;8m▄[0m 
        [38;2;0;0;8m▀[38;2;152;136;152;48;2;0;0;8m▀[38;2;0;104;136;48;2;152;136;152m▀[48;2;192;168;152m▀▀▀▀[48;2;152;136;152m▀[38;2;192;168;152m▀[38;2;152;136;152;48;2;0;0;8m▀[38;2;0;0;8;48;2;152;136;152m▀[48;2;192;168;152m▀[38;2;96;64;112;48;2;152;136;152m▀▀[38;2;152;136;152;48;2;0;0;8m▀ [48;2;96;64;112m [38;2;96;64;112;48;2;0;0;8m▀[0m[38;2;0;0;8m▀[0m 
[48;2;0;0;8m [38;2;0;0;8;48;2;248;240;240m▀[48;2;56;48;56m▀▀[48;2;192;168;144m▀▀▀[48;2;112;112;96m▀▀▀[48;2;144;80;56m▀[48;2;248;152;96m▀[48;2;248;208;144m▀[48;2;248;152;96m▀[48;2;0;0;8m [48;2;152;136;152m▀[48;2;192;168;152m▀[38;2;96;64;112m▀[38;2;192;168;152;48;2;152;136;152m▀ [38;2;152;136;152;48;2;0;0;8m▀ [48;2;96;64;112m  [38;2;96;64;112;48;2;0;0;8m▀[0m[38;2;0;0;8m▀[0m  
[38;2;0;0;8m▀▀[38;2;56;48;56;48;2;0;0;8m▀[48;2;112;112;96m   [38;2;112;112;96;48;2;56;48;56m▀▀▀   [38;2;144;80;56m▀[38;2;248;208;144;48;2;0;0;8m▀[38;2;96;64;112m▀[38;2;152;136;152m▀▀[38;2;192;168;152m▀[38;2;152;136;152m▀[38;2;0;0;8;48;2;96;64;112m▀ [38;2;96;64;112;48;2;152;136;152m▀ [48;2;96;64;112m [48;2;0;0;8m [0m   
  [38;2;0;0;8m▀▀▀▀▀▀▀▀▀[48;2;0;0;8m  [48;2;96;64;112m  [38;2;96;64;112;48;2;152;136;152m▀▀▀[48;2;96;64;112m [48;2;152;136;152m [38;2;152;136;152;48;2;96;64;112m▀▀[48;2;0;0;8m▀[48;2;96;64;112m [48;2;0;0;8m [0m   
          [48;2;0;0;8m [38;2;0;0;8;48;2;192;168;152m▀[38;2;96;64;112;48;2;152;136;152m▀ [48;2;0;0;8m [48;2;152;136;152m▀▀[48;2;0;0;8m▀[38;2;0;0;8;48;2;96;64;112m▀[48;2;192;168;152m▀▀[38;2;96;64;112m▀[48;2;152;136;152m [48;2;0;0;8m [0m    
          [38;2;0;0;8m▀[38;2;96;64;112;48;2;0;0;8m▀[38;2;152;136;152;48;2;96;64;112m▀  [48;2;0;0;8m   [38;2;96;64;112m▀[38;2;152;136;152;48;2;96;64;112m▀[48;2;216;200;176m [48;2;192;168;152m [48;2;152;136;152m [38;2;0;0;8;48;2;96;64;112m▀[0m[38;2;0;0;8m▄[0m   
       [38;2;56;48;56m▄[38;2;0;0;8m▄[48;2;192;168;144m▀[48;2;112;112;96m▀[48;2;56;48;56m▀[48;2;0;0;8m [48;2;56;48;56m▀[38;2;96;64;112;48;2;0;0;8m▀    ▀[38;2;152;136;152;48;2;96;64;112m▀▀[38;2;96;64;112;48;2;0;0;8m▀▀ [0m[38;2;56;48;56m▄[0m  
      [38;2;56;48;56m▀[38;2;0;0;8;48;2;56;48;56m▀[48;2;0;0;8m [38;2;112;112;96m▀▀▀[38;2;56;48;56m▀[38;2;112;112;96m▀        [38;2;0;0;8;48;2;192;168;144m▀[38;2;56;48;56;48;2;112;112;96m▀[48;2;56;48;56m [48;2;0;0;8m ▀[0m[38;2;56;48;56m▄[0m
            [38;2;56;48;56m▀[38;2;0;0;8m▀▀▀[48;2;56;48;56m▀[48;2;0;0;8m    [38;2;112;112;96;48;2;56;48;56m▀[38;2;248;208;144m▀[38;2;192;168;144m▀[38;2;56;48;56;48;2;0;0;8m▀[38;2;0;0;8;48;2;56;48;56m▀[0m[38;2;56;48;56m▀[0m 
