          [38;2;0;0;0m▄[48;2;160;160;152m▀▀[0m[38;2;0;0;0m▄[0m                              
         [48;2;0;0;0m [38;2;96;96;112;48;2;48;40;72m▀[48;2;96;96;112m [48;2;160;160;152m [38;2;160;160;152;48;2;96;96;112m▀[48;2;0;0;0m [0m                             
         [48;2;0;0;0m [48;2;96;96;112m [38;2;48;40;72m▀[48;2;160;160;152m [48;2;96;96;112m [48;2;0;0;0m [0m                             
          [38;2;0;0;0m▀[38;2;96;96;112;48;2;0;0;0m▀▀[38;2;0;0;0;48;2;160;160;152m▀▀▀▀▀▀▀[0m[38;2;0;0;0m▄▄[0m                      
         [38;2;0;0;0m▄[48;2;160;160;152m▀[38;2;224;216;184;48;2;96;96;112m▀[38;2;160;160;152;48;2;224;216;184m▀[38;2;96;96;112;48;2;160;160;152m▀[38;2;224;216;184;48;2;96;96;112m▀[38;2;160;160;152;48;2;224;216;184m▀[48;2;160;160;152m [38;2;96;96;112m▀[38;2;160;160;152;48;2;96;96;112m▀[48;2;160;160;152m   [38;2;0;0;0m▀[0m[38;2;0;0;0m▄[0m                    
[38;2;0;0;0m▄▄▄▄▄▄▄▄[48;2;72;72;96m▀[38;2;72;72;96;48;2;224;216;184m▀[48;2;160;160;152m▀[38;2;160;160;152;48;2;72;72;96m▀[38;2;96;96;112;48;2;160;160;152m▀[38;2;224;216;184;48;2;96;96;112m▀[38;2;160;160;152;48;2;224;216;184m▀[38;2;96;96;112;48;2;160;160;152m▀[38;2;224;216;184;48;2;96;96;112m▀[48;2;72;72;96m▀[38;2;160;160;152m▀[38;2;96;96;112m▀[38;2;160;160;152;48;2;96;96;112m▀[48;2;160;160;152m   [48;2;0;0;0m [0m                   
[48;2;0;0;0m [38;2;248;248;248m▀[38;2;72;72;72m▀[38;2;128;120;112m▀▀▀[48;2;56;48;56m [38;2;160;160;152;48;2;72;72;96m▀[38;2;72;72;96;48;2;48;40;72m▀[38;2;160;160;152;48;2;96;96;112m▀[38;2;224;216;184m▀[48;2;160;160;152m▀[48;2;48;40;72m [48;2;160;160;152m [38;2;248;248;248;48;2;224;216;184m▀▀[38;2;224;216;184;48;2;160;160;152m▀▀[48;2;96;96;112m▀▀▀[48;2;72;72;96m [48;2;96;96;112m  [48;2;72;72;96m [48;2;0;0;0m [0m                  
     [48;2;0;0;0m [38;2;0;0;0;48;2;224;216;184m▀[48;2;160;160;152m▀[48;2;0;0;0m [48;2;96;96;112m▀[38;2;96;96;112;48;2;48;40;72m▀[38;2;224;216;184m▀ [38;2;160;160;152;48;2;224;216;184m▀[38;2;224;216;184;48;2;160;160;152m▀[38;2;160;160;152;48;2;96;96;112m▀ [38;2;96;96;112;48;2;160;160;152m▀▀[38;2;160;160;152;48;2;96;96;112m▀▀[38;2;96;96;112;48;2;72;72;96m▀[38;2;160;160;152;48;2;96;96;112m▀▀[38;2;96;96;112;48;2;72;72;96m▀[48;2;0;0;0m [38;2;0;0;0;48;2;160;160;152m▀▀▀▀▀▀▀▀[0m[38;2;0;0;0m▄[0m         
   [38;2;0;0;0m▄[48;2;224;216;184m▀   [38;2;160;160;152m▀[38;2;0;0;0;48;2;160;160;152m▀[38;2;96;96;112;48;2;0;0;0m▀[48;2;96;96;112m [48;2;160;160;152m [48;2;224;216;184m [48;2;96;96;112m  [48;2;160;160;152m  [48;2;96;96;112m   [48;2;72;72;96m [48;2;96;96;112m  [48;2;72;72;96m [48;2;0;0;0m [48;2;96;96;112m  [48;2;160;160;152m▀▀▀▀▀▀▀[38;2;0;0;0m▀[0m[38;2;0;0;0m▄[0m       
  [48;2;0;0;0m [48;2;224;216;184m       [38;2;160;160;152m▀[38;2;0;0;0;48;2;160;160;152m▀[38;2;160;160;152;48;2;0;0;0m▀▀[38;2;96;96;112m▀[48;2;72;72;96m▀[38;2;48;40;72m▀▀▀▀▀▀[38;2;72;72;96;48;2;0;0;0m▀[38;2;48;40;72m▀[38;2;0;0;0;48;2;72;72;96m▀▀[38;2;96;96;112m▀[48;2;96;96;112m  [48;2;160;160;152m        [38;2;0;0;0m▀[0m[38;2;0;0;0m▄[0m     
  [48;2;0;0;0m [48;2;224;216;184m         [38;2;96;96;112;48;2;248;248;248m▀▀[48;2;224;216;184m▀[38;2;0;0;0m▀▀▀▀▀▀▀[38;2;72;72;96m▀▀▀▀[38;2;96;96;112m▀▀▀▀▀▀▀▀▀▀▀[48;2;160;160;152m▀▀[38;2;0;0;0m▀[0m[38;2;0;0;0m▄[0m   
  [48;2;0;0;0m [48;2;160;160;152m [38;2;224;216;184m▀[48;2;224;216;184m [38;2;72;72;96m▀[38;2;224;216;184;48;2;72;72;96m▀[48;2;224;216;184m   [48;2;160;160;152m [38;2;160;160;152;48;2;96;96;112m▀▀                           [38;2;0;0;0m▀[0m[38;2;0;0;0m▄[0m 
  [48;2;0;0;0m [48;2;160;160;152m   [38;2;224;216;184m▀[48;2;224;216;184m [38;2;72;72;96m▀ [48;2;160;160;152m [38;2;160;160;152;48;2;96;96;112m▀                              [48;2;0;0;0m [0m 
  [48;2;0;0;0m [48;2;160;160;152m     [48;2;224;216;184m [48;2;160;160;152m [38;2;160;160;152;48;2;96;96;112m▀                               [48;2;0;0;0m [0m 
  [48;2;0;0;0m [48;2;160;160;152m     [38;2;224;216;184m▀ [48;2;96;96;112m                                [48;2;0;0;0m [0m 
  [38;2;0;0;0m▀[38;2;96;96;112;48;2;0;0;0m▀[38;2;160;160;152;48;2;96;96;112m▀[48;2;160;160;152m    [48;2;224;216;184m [48;2;96;96;112m                                [48;2;0;0;0m [0m 
    [38;2;0;0;0m▀[38;2;96;96;112;48;2;0;0;0m▀[38;2;160;160;152;48;2;96;96;112m▀[48;2;160;160;152m  [48;2;224;216;184m [48;2;96;96;112m      [38;2;72;72;96;48;2;48;40;72m▀[38;2;48;40;72;48;2;160;160;152m▀▀▀▀[48;2;96;96;112m▀[38;2;96;96;112;48;2;48;40;72m▀[48;2;96;96;112m                   [48;2;0;0;0m [0m 
  [38;2;56;48;56m▀[38;2;0;0;0;48;2;56;48;56m▀[48;2;0;0;0m   [38;2;96;96;112m▀[38;2;160;160;152m▀[38;2;224;216;184;48;2;160;160;152m▀[48;2;96;96;112m  [38;2;96;96;112;48;2;72;72;96m▀[48;2;96;96;112m [48;2;48;40;72m [38;2;48;40;72;48;2;160;160;152m▀ [38;2;160;160;152;48;2;96;96;112m▀    ▀[38;2;48;40;72;48;2;160;160;152m▀[38;2;96;96;112;48;2;48;40;72m▀[48;2;96;96;112m   [48;2;48;40;72m▀▀▀▀▀[48;2;96;96;112m         [48;2;0;0;0m [0m 
    [38;2;56;48;56m▀[38;2;0;0;0;48;2;56;48;56m▀[48;2;0;0;0m    [38;2;160;160;152m▀[48;2;96;96;112m [38;2;72;72;96m▀▀[48;2;48;40;72m [48;2;160;160;152m [48;2;96;96;112m        ▀▀▀[48;2;48;40;72m [38;2;48;40;72;48;2;160;160;152m▀[38;2;160;160;152;48;2;96;96;112m▀▀▀▀[38;2;48;40;72;48;2;160;160;152m▀[38;2;72;72;96;48;2;48;40;72m▀[48;2;96;96;112m▀▀▀▀▀▀[48;2;0;0;0m▀ [0m 
      [38;2;56;48;56m▀[38;2;0;0;0;48;2;56;48;56m▀[48;2;0;0;0m       [38;2;160;160;152m▀[38;2;96;96;112m▀▀▀▀▀▀▀▀▀▀[38;2;48;40;72m▀[38;2;96;96;112m▀[38;2;160;160;152m▀[38;2;96;96;112m▀▀▀▀▀[38;2;48;40;72m▀     [38;2;56;48;56m▀[0m[38;2;56;48;56m▄[0m  
        [38;2;56;48;56m▀[38;2;0;0;0;48;2;56;48;56m▀[48;2;0;0;0m                                [38;2;56;48;56m▀[0m[38;2;56;48;56m▄[0m
