 [38;2;0;0;8m▄[48;2;120;120;144m▀[48;2;232;216;184m▀[48;2;200;184;160m▀[0m[38;2;0;0;8m▄▄▄[0m                  [38;2;0;0;8m▄▄▄▄▄▄▄▄▄▄▄[0m         
[48;2;0;0;8m [48;2;120;120;144m [38;2;88;80;120;48;2;0;0;8m▀ [48;2;248;248;248m [38;2;200;184;160m▀[48;2;232;216;184m▀[38;2;120;120;144;48;2;200;184;160m▀[38;2;0;0;8m▀▀[48;2;120;120;144m▀[0m[38;2;0;0;8m▄▄▄[0m         [38;2;0;0;8m▄[48;2;200;184;160m▀▀   [38;2;120;120;144m▀▀[38;2;200;184;160;48;2;120;120;144m▀▀[48;2;200;184;160m [38;2;120;120;144m▀▀▀[38;2;0;0;8;48;2;120;120;144m▀▀[0m[38;2;0;0;8m▄▄[0m     
[48;2;0;0;8m [38;2;120;120;144;48;2;200;184;160m▀[48;2;0;0;8m [38;2;0;0;8;48;2;88;80;120m▀[48;2;232;216;184m [38;2;232;216;184;48;2;200;184;160m▀▀[48;2;232;216;184m   [38;2;200;184;160m▀▀▀[38;2;120;120;144;48;2;200;184;160m▀[38;2;0;0;8m▀▀[48;2;120;120;144m▀[0m[38;2;0;0;8m▄▄▄[0m [38;2;0;0;8m▄[48;2;200;184;160m▀[38;2;64;48;88m▀▀▀[48;2;64;48;88m [48;2;200;184;160m   [38;2;200;184;160;48;2;232;216;184m▀▀[48;2;200;184;160m [38;2;120;120;144m▀[38;2;200;184;160;48;2;120;120;144m▀[48;2;232;216;184m▀▀[48;2;200;184;160m [38;2;120;120;144m▀[38;2;200;184;160;48;2;120;120;144m▀[48;2;200;184;160m [38;2;0;0;8m▀[0m[38;2;0;0;8m▄[0m   
[48;2;0;0;8m [38;2;120;120;144m▀[38;2;200;184;160;48;2;88;80;120m▀[38;2;232;216;184m▀[38;2;120;120;144m▀[48;2;120;120;144m [38;2;200;184;160m▀▀▀[48;2;200;184;160m [38;2;232;216;184m▀▀▀[48;2;232;216;184m   [38;2;200;184;160m▀▀▀[38;2;120;120;144;48;2;200;184;160m▀[38;2;0;0;8m▀▀[48;2;88;80;120m▀[38;2;200;184;160;48;2;0;0;8m▀▀▀[48;2;200;184;160m [38;2;64;48;88m▀▀[38;2;200;184;160;48;2;64;48;88m▀[48;2;200;184;160m [38;2;232;216;184m▀[48;2;248;248;248m▀[48;2;200;184;160m  [38;2;120;120;144m▀[48;2;120;120;144m [38;2;232;216;184m▀[38;2;200;184;160m▀▀ [48;2;200;184;160m [38;2;0;0;8;48;2;120;120;144m▀[0m[38;2;0;0;8m▄[0m  
  [38;2;0;0;8m▀▀▀[38;2;88;80;120;48;2;0;0;8m▀▀▀[38;2;120;120;144;48;2;88;80;120m▀▀▀[48;2;120;120;144m [38;2;200;184;160m▀▀▀[48;2;200;184;160m [38;2;232;216;184m▀▀▀[48;2;232;216;184m   [38;2;200;184;160m▀[38;2;88;80;120;48;2;120;120;144m▀[38;2;200;184;160;48;2;232;216;184m▀[48;2;64;48;88m [48;2;200;184;160m [48;2;232;216;184m [48;2;248;248;248m▀[48;2;232;216;184m▀[38;2;64;48;88;48;2;120;120;144m▀[48;2;200;184;160m [38;2;248;248;248;48;2;232;216;184m▀ [38;2;232;216;184;48;2;200;184;160m▀   [38;2;200;184;160;48;2;120;120;144m▀▀▀[38;2;120;120;144;48;2;88;80;120m▀ [48;2;0;0;8m [0m  
        [38;2;0;0;8m▀[48;2;0;0;8m [48;2;120;120;144m▀[38;2;88;80;120;48;2;0;0;8m▀▀▀[38;2;120;120;144;48;2;88;80;120m▀▀▀[48;2;120;120;144m [38;2;200;184;160m▀▀▀[48;2;200;184;160m [38;2;232;216;184m▀[38;2;88;80;120;48;2;64;48;88m▀[38;2;232;216;184;48;2;200;184;160m▀[48;2;64;48;88m [48;2;200;184;160m [48;2;232;216;184m [38;2;248;248;248m▀[48;2;248;248;248m [38;2;120;120;144;48;2;64;48;88m▀[48;2;200;184;160m [38;2;248;248;248;48;2;232;216;184m▀[38;2;200;184;160m▀[48;2;200;184;160m [38;2;120;120;144m▀[48;2;120;120;144m   [38;2;88;80;120m▀[48;2;88;80;120m   [48;2;0;0;8m [0m  
         [38;2;0;0;8m▀[38;2;88;80;120;48;2;0;0;8m▀[38;2;232;216;184m▀[38;2;200;184;160m▀[38;2;120;120;144;48;2;88;80;120m▀[38;2;0;0;8;48;2;232;216;184m▀[48;2;200;184;160m▀[48;2;120;120;144m▀[38;2;88;80;120;48;2;0;0;8m▀▀▀[38;2;120;120;144;48;2;88;80;120m▀[48;2;64;48;88m▀[38;2;64;48;88;48;2;88;80;120m▀[48;2;120;120;144m [38;2;200;184;160;48;2;0;0;8m▀[48;2;64;48;88m [48;2;200;184;160m [38;2;0;0;8m▀[38;2;232;216;184m▀▀[48;2;64;48;88m [48;2;200;184;160m [48;2;232;216;184m [38;2;200;184;160m▀[48;2;200;184;160m [38;2;120;120;144m▀[48;2;120;120;144m   [38;2;88;80;120m▀[48;2;88;80;120m   [48;2;0;0;8m [0m  
             [38;2;0;0;8m▀▀▀[38;2;88;80;120;48;2;0;0;8m▀[38;2;232;216;184m▀[38;2;200;184;160m▀[38;2;120;120;144;48;2;88;80;120m▀[38;2;0;0;8;48;2;120;120;144m▀[48;2;200;184;160m▀[38;2;64;48;88;48;2;0;0;8m▀[38;2;0;0;8;48;2;64;48;88m▀ [38;2;64;48;88;48;2;200;184;160m▀ [38;2;200;184;160;48;2;64;48;88m▀▀[38;2;64;48;88;48;2;120;120;144m▀▀[48;2;200;184;160m [48;2;232;216;184m [38;2;200;184;160m▀[48;2;200;184;160m [38;2;120;120;144m▀[48;2;120;120;144m   [38;2;88;80;120m▀[48;2;88;80;120m   [48;2;0;0;8m [0m  
                 [48;2;0;0;8m [38;2;120;120;144;48;2;64;48;88m▀[38;2;0;0;8;48;2;120;120;144m▀▀[48;2;64;48;88m▀ [38;2;64;48;88;48;2;120;120;144m▀[48;2;200;184;160m [48;2;232;216;184m [48;2;64;48;88m [48;2;120;120;144m▀ [38;2;120;120;144;48;2;200;184;160m▀▀ [48;2;232;216;184m [38;2;200;184;160m▀[48;2;200;184;160m [38;2;120;120;144m▀[48;2;120;120;144m   [38;2;88;80;120m▀[48;2;88;80;120m   [48;2;0;0;8m [0m  
                 [48;2;0;0;8m [38;2;120;120;144;48;2;200;184;160m▀[38;2;64;48;88;48;2;120;120;144m▀[38;2;120;120;144;48;2;64;48;88m▀[48;2;120;120;144m  [48;2;200;184;160m▀[38;2;200;184;160;48;2;232;216;184m▀[38;2;232;216;184;48;2;64;48;88m▀[38;2;64;48;88;48;2;120;120;144m▀ [48;2;200;184;160m   [48;2;232;216;184m  [38;2;200;184;160m▀[48;2;200;184;160m [38;2;120;120;144m▀[48;2;120;120;144m   [38;2;88;80;120m▀[48;2;88;80;120m   [48;2;0;0;8m [0m  
             [38;2;0;0;8m▄▄[48;2;200;184;160m▀[48;2;88;80;120m▀▀[38;2;200;184;160;48;2;64;48;88m▀[48;2;200;184;160m [38;2;120;120;144m▀[38;2;64;48;88;48;2;120;120;144m▀[38;2;200;184;160;48;2;64;48;88m▀▀▀[38;2;64;48;88;48;2;120;120;144m▀ [38;2;120;120;144;48;2;200;184;160m▀  [38;2;232;216;184m▀[48;2;232;216;184m  [38;2;200;184;160m▀[48;2;200;184;160m [38;2;120;120;144m▀[48;2;120;120;144m   [38;2;88;80;120m▀[48;2;88;80;120m   [48;2;0;0;8m [0m  
      [38;2;0;0;8m▄[48;2;200;184;160m▀▀▀▀▀▀   [38;2;232;216;184m▀[38;2;200;184;160;48;2;232;216;184m▀[48;2;200;184;160m [38;2;88;80;120m▀[38;2;200;184;160;48;2;64;48;88m▀▀[38;2;120;120;144;48;2;200;184;160m▀▀▀    [38;2;232;216;184m▀[48;2;232;216;184m   [38;2;200;184;160m▀[48;2;200;184;160m [38;2;120;120;144m▀[48;2;120;120;144m   [48;2;88;80;120m  [38;2;88;80;120;48;2;64;48;88m▀[38;2;64;48;88;48;2;0;0;8m▀[0m[38;2;0;0;8m▀[0m  
      [48;2;0;0;8m [48;2;232;216;184m [38;2;200;184;160m▀[48;2;200;184;160m         [38;2;232;216;184m▀[38;2;200;184;160;48;2;232;216;184m▀[48;2;200;184;160m [38;2;64;48;88m▀[38;2;88;80;120;48;2;120;120;144m▀[38;2;120;120;144;48;2;64;48;88m▀[38;2;200;184;160m▀▀▀▀[48;2;88;80;120m▀[38;2;232;216;184m▀▀▀▀[38;2;200;184;160m▀[48;2;64;48;88m▀[38;2;120;120;144m▀[38;2;88;80;120m▀▀▀[38;2;64;48;88;48;2;88;80;120m▀▀  [38;2;0;0;8m▀[0m[38;2;0;0;8m▄[0m 
      [48;2;0;0;8m [38;2;200;184;160;48;2;120;120;144m▀[38;2;232;216;184;48;2;200;184;160m▀[48;2;232;216;184m [38;2;200;184;160m▀[48;2;200;184;160m     [38;2;64;48;88m▀[48;2;64;48;88m [38;2;200;184;160m▀[48;2;200;184;160m [38;2;232;216;184m▀[38;2;200;184;160;48;2;232;216;184m▀[48;2;200;184;160m [38;2;120;120;144m▀[48;2;232;216;184m▀▀▀[48;2;200;184;160m▀▀▀▀▀▀▀[48;2;120;120;144m   [48;2;200;184;160m▀▀▀▀▀▀▀▀[48;2;0;0;8m [0m
      [38;2;0;0;8m▀[38;2;120;120;144;48;2;0;0;8m▀[48;2;120;120;144m [38;2;200;184;160m▀[38;2;232;216;184;48;2;200;184;160m▀[48;2;232;216;184m [38;2;200;184;160m▀[48;2;200;184;160m     [38;2;64;48;88m▀[48;2;64;48;88m [48;2;200;184;160m  [38;2;248;248;248;48;2;232;216;184m▀[48;2;120;120;144m▀  [38;2;88;80;120m▀▀▀▀▀▀▀   [48;2;88;80;120m [48;2;120;120;144m        [48;2;0;0;8m [0m
        [38;2;0;0;8m▀[38;2;120;120;144;48;2;0;0;8m▀[48;2;120;120;144m [38;2;200;184;160m▀[38;2;232;216;184;48;2;200;184;160m▀[48;2;232;216;184m [38;2;200;184;160m▀▀▀▀▀▀[38;2;232;216;184;48;2;120;120;144m▀▀              [48;2;88;80;120m [48;2;120;120;144m        [48;2;0;0;8m [0m
          [38;2;0;0;8m▀[38;2;120;120;144;48;2;0;0;8m▀[48;2;120;120;144m [38;2;200;184;160m▀[48;2;88;80;120m [38;2;88;80;120;48;2;120;120;144m▀▀▀▀                 ▀▀▀▀▀▀▀▀▀[48;2;0;0;8m [0m
      [38;2;40;32;48m▀[38;2;0;0;8;48;2;40;32;48m▀[48;2;0;0;8m     [38;2;120;120;144m▀[38;2;88;80;120;48;2;120;120;144m▀                              [48;2;0;0;8m [0m
        [38;2;40;32;48m▀[38;2;0;0;8;48;2;40;32;48m▀[48;2;0;0;8m     [38;2;120;120;144m▀[48;2;88;80;120m▀▀▀▀▀[48;2;120;120;144m                        [48;2;0;0;8m [0m
          [38;2;40;32;48m▀[38;2;0;0;8;48;2;40;32;48m▀[48;2;0;0;8m     [38;2;120;120;144m▀[48;2;120;120;144m  [38;2;88;80;120m▀▀▀▀▀▀▀▀▀▀▀▀▀▀▀▀▀▀▀▀▀▀[38;2;120;120;144;48;2;0;0;8m▀▀▀ [0m
            [38;2;40;32;48m▀[38;2;0;0;8;48;2;40;32;48m▀[48;2;0;0;8m                             [38;2;40;32;48m▀[0m[38;2;40;32;48m▄[0m 
