                    [38;2;208;200;184m▄▄▄▄▄▄▄[48;2;255;255;255m▀▀▀▀▀▀▀▀▀▀▀▀▀▀▀[48;2;208;200;184m  [38;2;248;248;248m▀[0m[38;2;208;200;184m▄▄▄[38;2;248;248;248m▄[0m            
        [38;2;208;200;184m▄▄▄▄▄[48;2;255;255;255m▀▀▀▀▀▀▀     [38;2;128;120;112m▀▀          [38;2;255;255;255;48;2;208;200;184m▀▀[48;2;255;255;255m [38;2;208;200;184m▀▀▀▀▀   ▀▀▀[38;2;248;248;248;48;2;208;200;184m▀[0m[38;2;208;200;184m▄[38;2;248;248;248m▄▄[0m      
    [38;2;248;248;248m▄[38;2;208;200;184m▄[48;2;208;200;184m [48;2;255;255;255m▀▀                [38;2;255;255;255;48;2;0;0;0m▀[38;2;96;80;168;48;2;168;224;248m▀[48;2;144;168;248m▀[48;2;120;120;248m▀[48;2;0;0;0m▀[38;2;255;255;255m▀[48;2;128;120;112m▀▀▀[38;2;208;200;184;48;2;0;0;0m▀▀[38;2;255;255;255m▀[48;2;255;255;255m               [38;2;208;200;184m▀[48;2;208;200;184m  [48;2;248;248;248m [0m[38;2;0;0;0m▄▄▄▄[0m 
 [38;2;248;248;248m▄[48;2;208;200;184m▀ [38;2;208;200;184;48;2;255;255;255m▀                [38;2;255;255;255;48;2;208;200;184m▀▀[48;2;255;255;255m [38;2;208;200;184m▀[38;2;0;0;0m▀[48;2;0;0;0m [48;2;128;120;112m▀[48;2;0;0;0m  [48;2;255;255;255m▀ [48;2;0;0;0m [38;2;72;72;72;48;2;128;120;112m▀ [38;2;128;120;112;48;2;56;48;56m▀[48;2;0;0;0m [48;2;255;255;255m              [38;2;255;255;255;48;2;208;200;184m▀[38;2;208;200;184;48;2;248;248;248m▀[48;2;208;200;184m [48;2;168;224;248m▀[48;2;120;120;248m▀[38;2;168;224;248;48;2;208;200;184m▀▀[48;2;120;120;248m▀ [48;2;0;0;0m [0m
[48;2;248;248;248m [48;2;208;200;184m  [48;2;255;255;255m            [38;2;255;255;255;48;2;208;200;184m▀▀[48;2;255;255;255m [38;2;208;200;184m▀▀     [38;2;255;255;255;48;2;0;0;0m▀ [48;2;128;120;112m [48;2;0;0;0m  ▀▀ [38;2;72;72;72;48;2;56;48;56m▀ [48;2;0;0;0m [38;2;255;255;255m▀▀▀[48;2;255;255;255m        [48;2;208;200;184m▀▀[38;2;208;200;184;48;2;255;255;255m▀[48;2;248;248;248m▀[38;2;248;248;248;48;2;255;255;255m▀ [48;2;0;0;0m [38;2;168;224;248;48;2;120;120;248m▀   [38;2;208;200;184m▀[38;2;96;80;168;48;2;208;200;184m▀[0m[38;2;0;0;0m▀[0m
[38;2;248;248;248m▀[38;2;208;200;184;48;2;248;248;248m▀[48;2;208;200;184m [38;2;255;255;255m▀[48;2;255;255;255m   [48;2;208;200;184m▀▀▀▀▀[38;2;208;200;184;48;2;255;255;255m▀▀         [38;2;255;255;255;48;2;72;56;120m▀[38;2;72;56;120;48;2;168;224;248m▀[48;2;0;0;0m ▀[48;2;128;120;112m [48;2;0;0;0m▀[38;2;128;120;112m▀ [38;2;96;80;168m▀[38;2;0;0;0;48;2;96;80;168m▀▀[48;2;0;0;0m [38;2;72;72;72;48;2;208;200;184m▀[38;2;248;248;248;48;2;128;120;112m▀[38;2;208;200;184;48;2;72;72;72m▀[48;2;0;0;0m [38;2;255;255;255m▀[48;2;208;200;184m▀▀▀▀[38;2;208;200;184;48;2;255;255;255m▀▀▀  [38;2;255;255;255;48;2;208;200;184m▀[38;2;208;200;184;48;2;255;255;255m▀ [48;2;0;0;0m [48;2;168;224;248m [38;2;96;80;168;48;2;208;200;184m▀▀[48;2;120;120;248m  [48;2;0;0;0m▀[38;2;208;200;184;48;2;255;255;255m▀[0m[38;2;208;200;184m▄[0m
   [38;2;248;248;248m▀[38;2;208;200;184m▀[48;2;248;248;248m▀▀[48;2;208;200;184m  [38;2;255;255;255m▀▀▀▀▀[48;2;255;255;255m       [48;2;0;0;0m▀[38;2;0;0;0;48;2;128;120;112m▀[38;2;168;224;248m▀[38;2;0;0;0m▀  [48;2;208;200;184m▀▀▀▀▀▀[38;2;144;168;248m▀[38;2;0;0;0m▀[38;2;208;200;184;48;2;128;120;112m▀[48;2;0;0;0m▀▀[48;2;144;168;248m▀[48;2;96;80;168m▀[38;2;0;0;0m▀[38;2;255;255;255;48;2;0;0;0m▀[48;2;255;255;255m       [38;2;208;200;184m▀[38;2;255;255;255;48;2;208;200;184m▀[48;2;0;0;0m [48;2;168;224;248m [48;2;120;120;248m [38;2;208;200;184m▀[38;2;128;120;112m▀ [38;2;96;80;168;48;2;0;0;0m▀[38;2;0;0;0;48;2;255;255;255m▀[38;2;255;255;255;48;2;208;200;184m▀[38;2;208;200;184;48;2;248;248;248m▀[0m
             [38;2;248;248;248m▀[38;2;208;200;184m▀▀▀[48;2;0;0;0m▀[48;2;144;168;248m▀[48;2;168;224;248m▀▀[48;2;144;168;248m▀[48;2;0;0;0m▀[48;2;168;224;248m▀▀[48;2;96;80;168m▀[48;2;120;120;248m▀▀[38;2;128;120;112m▀▀     [38;2;0;0;0m▀[48;2;144;168;248m▀[38;2;72;56;120m▀[38;2;144;168;248;48;2;120;120;248m▀  [38;2;96;80;168m▀[48;2;0;0;0m [48;2;255;255;255m       [38;2;208;200;184;48;2;0;0;0m▀[38;2;168;224;248;48;2;208;200;184m▀[48;2;120;120;248m    [38;2;96;80;168;48;2;72;56;120m▀[48;2;0;0;0m [38;2;255;255;255;48;2;248;248;248m▀[0m[38;2;248;248;248m▀[0m 
              [38;2;0;0;0m▄▄[48;2;255;255;255m▀▀[38;2;168;224;248;48;2;240;184;56m▀[48;2;168;224;248m   [38;2;144;168;248m▀[38;2;96;80;168;48;2;144;168;248m▀[38;2;168;224;248;48;2;96;80;168m▀ [38;2;120;120;248m▀▀▀▀▀▀▀▀▀▀▀▀▀▀▀▀[38;2;0;0;0m▀[48;2;120;120;248m▀▀▀[48;2;144;168;248m▀▀▀[48;2;72;56;120m▀[48;2;96;80;168m▀[38;2;168;224;248m▀[38;2;208;200;184m▀▀[38;2;120;120;248;48;2;208;200;184m▀▀[38;2;208;200;184;48;2;72;56;120m▀[38;2;248;248;248;48;2;120;120;248m▀[38;2;0;0;0m▀▀[48;2;0;0;0m [0m
            [38;2;0;0;0m▄[48;2;168;224;248m▀[38;2;255;255;255;48;2;248;248;248m▀[38;2;168;224;248m▀▀[38;2;255;255;255;48;2;168;224;248m▀[38;2;0;0;0;48;2;255;255;255m▀[38;2;240;184;56;48;2;0;0;0m▀[38;2;168;224;248;48;2;240;184;56m▀▀[48;2;144;168;248m▀[48;2;248;248;248m ▀[38;2;144;168;248;48;2;0;0;0m▀▀▀▀▀▀[48;2;56;48;56m▀[48;2;168;224;248m▀▀▀▀▀▀▀▀▀▀▀▀   [38;2;168;224;248;48;2;144;168;248m▀▀▀   [38;2;144;168;248;48;2;120;120;248m▀▀▀[48;2;96;80;168m▀[48;2;72;56;120m▀[48;2;0;0;0m▀[38;2;120;120;248m▀[0m[38;2;0;0;0m▀[0m
          [38;2;0;0;0m▄[48;2;168;224;248m▀[38;2;168;224;248;48;2;248;248;248m▀[38;2;248;248;248;48;2;144;168;248m▀[48;2;168;224;248m▀[48;2;248;248;248m [48;2;168;224;248m▀[38;2;168;224;248;48;2;120;120;248m▀[38;2;255;255;255;48;2;0;0;0m▀[48;2;255;255;255m [38;2;0;0;0;48;2;72;56;120m▀▀[38;2;240;184;56;48;2;0;0;0m▀▀[38;2;144;168;248;48;2;240;184;56m▀[38;2;0;0;0;48;2;168;224;248m▀[38;2;248;248;248;48;2;0;0;0m▀[38;2;144;168;248;48;2;96;80;168m▀[38;2;120;120;248m▀   [48;2;56;48;56m [38;2;168;224;248;48;2;144;168;248m▀ ▀ ▀ ▀ ▀ ▀[38;2;144;168;248;48;2;120;120;248m▀▀▀▀ [38;2;120;120;248;48;2;96;80;168m▀▀[48;2;72;56;120m▀[38;2;96;80;168;48;2;0;0;0m▀▀[38;2;72;56;120m▀[38;2;0;0;0;48;2;96;80;168m▀[48;2;0;0;0m [0m    
          [48;2;0;0;0m [48;2;248;248;248m [38;2;255;255;255;48;2;0;0;0m▀[38;2;0;0;0;48;2;120;120;248m▀[38;2;120;120;248;48;2;168;224;248m▀[38;2;144;168;248m▀[38;2;120;120;248;48;2;144;168;248m▀▀[48;2;96;80;168m [38;2;0;0;0m▀[38;2;72;56;120;48;2;0;0;0m▀[48;2;72;56;120m    [48;2;240;184;56m [38;2;0;0;0;48;2;144;168;248m▀[38;2;56;48;56;48;2;120;120;248m▀[48;2;144;168;248m▀[48;2;120;120;248m▀[48;2;144;168;248m▀[48;2;120;120;248m▀▀[48;2;144;168;248m [38;2;144;168;248;48;2;120;120;248m▀[48;2;144;168;248m [48;2;120;120;248m▀[48;2;144;168;248m [48;2;120;120;248m▀▀ ▀ [38;2;120;120;248;48;2;96;80;168m▀▀▀[38;2;96;80;168;48;2;0;0;0m▀▀[38;2;72;56;120m▀  [38;2;0;0;0;48;2;72;56;120m▀[48;2;96;80;168m    ▀[0m[38;2;0;0;0m▄[0m   
         [48;2;0;0;0m [38;2;255;255;255;48;2;168;224;248m▀[48;2;255;255;255m [48;2;0;0;0m [38;2;144;168;248;48;2;120;120;248m▀[48;2;144;168;248m  [48;2;120;120;248m▀ [38;2;96;80;168;48;2;0;0;0m▀▀ [48;2;72;56;120m  [38;2;72;56;120;48;2;0;0;0m▀[48;2;240;184;56m [48;2;144;168;248m [38;2;144;168;248;48;2;72;56;120m▀[38;2;72;56;120;48;2;168;224;248m▀[48;2;144;168;248m▀▀[48;2;120;120;248m▀▀▀[48;2;96;80;168m [38;2;96;80;168;48;2;72;56;120m▀[48;2;120;120;248m▀▀[48;2;96;80;168m     [48;2;0;0;0m▀[38;2;72;56;120m▀ [38;2;0;0;0;48;2;96;80;168m▀[48;2;0;0;0m [0m    [38;2;0;0;0m▀[38;2;96;80;168;48;2;0;0;0m▀[48;2;120;120;248m▀   [48;2;0;0;0m [0m   
         [48;2;0;0;0m [48;2;248;248;248m [48;2;255;255;255m [48;2;0;0;0m  [38;2;144;80;48;48;2;240;152;88m▀[48;2;0;0;0m [38;2;0;0;0;48;2;248;248;248m▀[48;2;240;152;88m▀[48;2;128;120;112m [38;2;128;120;112;48;2;72;72;72m▀[48;2;0;0;0m [48;2;72;56;120m [48;2;0;0;0m [48;2;240;184;56m [48;2;96;80;168m [48;2;144;168;248m [48;2;72;56;120m [38;2;144;168;248;48;2;0;0;0m▀[38;2;0;0;0;48;2;72;72;72m▀[38;2;56;48;56m▀▀[38;2;0;0;0m▀[38;2;120;120;248m▀[48;2;120;120;248m [38;2;96;80;168m▀[48;2;72;56;120m [48;2;120;120;248m▀[48;2;96;80;168m   [48;2;0;0;0m▀[0m[38;2;0;0;0m▀[0m   [38;2;0;0;0m▀▀[0m     [48;2;0;0;0m [38;2;144;168;248;48;2;96;80;168m▀[48;2;120;120;248m   [38;2;96;80;168m▀[48;2;0;0;0m [0m  
        [48;2;0;0;0m [48;2;255;255;255m [38;2;168;224;248m▀  [48;2;0;0;0m [38;2;240;152;88m▀[48;2;144;80;48m▀▀[38;2;144;80;48;48;2;0;0;0m▀[38;2;128;120;112m▀[38;2;72;72;72m▀[38;2;0;0;0;48;2;72;56;120m▀[38;2;72;56;120;48;2;0;0;0m▀[48;2;240;184;56m [48;2;96;80;168m [48;2;144;168;248m [48;2;72;56;120m [38;2;144;168;248;48;2;56;48;56m▀[38;2;72;72;72;48;2;128;120;112m▀ [38;2;128;120;112;48;2;72;72;72m▀▀  [48;2;120;120;248m  [48;2;72;56;120m [38;2;96;80;168;48;2;120;120;248m▀[48;2;96;80;168m  [48;2;0;0;0m▀[0m[38;2;0;0;0m▀[0m            [48;2;0;0;0m [38;2;120;120;248;48;2;144;168;248m▀[48;2;120;120;248m  [48;2;96;80;168m▀[48;2;0;0;0m [0m  
       [38;2;0;0;0m▄[48;2;240;184;56m▀[48;2;0;0;0m [48;2;72;72;72m▀[48;2;128;120;112m▀[48;2;0;0;0m [38;2;72;56;120;48;2;96;80;168m▀[38;2;96;80;168;48;2;72;56;120m▀[38;2;0;0;0;48;2;96;80;168m▀▀[38;2;72;56;120m▀▀[38;2;0;0;0;48;2;72;56;120m▀[48;2;0;0;0m [48;2;240;184;56m [48;2;96;80;168m [48;2;144;168;248m [48;2;72;56;120m [38;2;144;168;248;48;2;56;48;56m▀[38;2;72;72;72;48;2;128;120;112m▀[38;2;128;120;112;48;2;72;72;72m▀     [48;2;120;120;248m [38;2;96;80;168;48;2;72;56;120m▀[38;2;72;56;120;48;2;96;80;168m▀[38;2;96;80;168;48;2;120;120;248m▀[48;2;96;80;168m  [48;2;0;0;0m [0m             [38;2;0;0;0m▀[38;2;96;80;168;48;2;0;0;0m▀[38;2;120;120;248m▀[38;2;96;80;168m▀[0m[38;2;0;0;0m▀[0m   
     [38;2;0;0;0m▄[48;2;144;168;248m▀ [38;2;144;168;248;48;2;168;224;248m▀[38;2;240;184;56;48;2;144;168;248m▀[38;2;0;0;0;48;2;240;184;56m▀[38;2;128;120;112;48;2;72;72;72m▀▀[38;2;0;0;0m▀[38;2;96;80;168;48;2;0;0;0m▀[38;2;120;120;248m▀[38;2;96;80;168m▀[38;2;0;0;0;48;2;96;80;168m▀[38;2;120;120;248m▀[48;2;0;0;0m [48;2;240;184;56m [48;2;96;80;168m [48;2;144;168;248m [48;2;72;56;120m [38;2;144;168;248;48;2;120;120;248m▀[38;2;72;72;72;48;2;128;120;112m▀[38;2;128;120;112;48;2;72;72;72m▀     [38;2;72;72;72;48;2;120;120;248m▀ [48;2;72;56;120m [38;2;96;80;168;48;2;120;120;248m▀[48;2;96;80;168m  [48;2;0;0;0m [0m                      
    [38;2;0;0;0m▄[48;2;144;168;248m▀ [38;2;168;224;248m▀[38;2;144;168;248;48;2;168;224;248m▀[38;2;168;224;248;48;2;248;248;248m▀▀[38;2;240;184;56;48;2;168;224;248m▀[38;2;0;0;0;48;2;240;184;56m▀[38;2;72;72;72;48;2;0;0;0m▀ [38;2;72;56;120m▀[38;2;96;80;168m▀[38;2;120;120;248m▀ [48;2;240;184;56m [48;2;96;80;168m [48;2;144;168;248m [48;2;72;56;120m [38;2;144;168;248;48;2;120;120;248m▀[38;2;56;48;56;48;2;0;0;0m▀[38;2;128;120;112;48;2;56;48;56m▀[38;2;72;72;72m▀▀[48;2;0;0;0m▀▀▀▀[38;2;120;120;248;48;2;96;80;168m▀[38;2;96;80;168;48;2;72;56;120m▀[38;2;72;56;120;48;2;96;80;168m▀  [48;2;0;0;0m [0m                       
    [48;2;0;0;0m [48;2;144;168;248m [38;2;144;168;248;48;2;168;224;248m▀ [38;2;248;248;248m▀▀ [38;2;168;224;248;48;2;144;168;248m▀▀[38;2;240;184;56m▀▀▀▀▀▀[38;2;96;80;168m▀ [48;2;72;56;120m [38;2;144;168;248;48;2;120;120;248m▀ [38;2;96;80;168;48;2;0;0;0m▀[38;2;0;0;0;48;2;248;248;248m▀[48;2;208;200;184m▀[48;2;128;120;112m▀[38;2;72;56;120m▀▀[38;2;168;224;248;48;2;72;56;120m▀[38;2;144;168;248;48;2;248;248;248m▀[48;2;0;0;0m [38;2;0;0;0;48;2;128;120;112m▀▀▀▀▀▀[0m[38;2;0;0;0m▄▄[0m                    
    [48;2;0;0;0m [38;2;120;120;248;48;2;96;80;168m▀[38;2;168;224;248;48;2;120;120;248m▀[48;2;144;168;248m▀   [38;2;144;168;248;48;2;120;120;248m▀[48;2;144;168;248m [48;2;120;120;248m▀[48;2;144;168;248m [48;2;120;120;248m ▀ ▀  [38;2;72;56;120m▀[38;2;120;120;248;48;2;72;56;120m▀[48;2;0;0;0m▀  [38;2;248;248;248;48;2;208;200;184m▀[48;2;128;120;112m▀[38;2;208;200;184m▀▀▀[48;2;72;56;120m [38;2;120;120;248;48;2;168;224;248m▀[48;2;0;0;0m [38;2;208;200;184;48;2;128;120;112m▀▀▀▀▀[38;2;128;120;112;48;2;72;72;72m▀[48;2;0;0;0m [0m                    
     [38;2;0;0;0m▀[38;2;96;80;168;48;2;0;0;0m▀▀[38;2;120;120;248;48;2;96;80;168m▀▀▀▀[48;2;120;120;248m [48;2;96;80;168m▀[48;2;120;120;248m [48;2;96;80;168m▀[48;2;120;120;248m [48;2;96;80;168m▀▀[48;2;120;120;248m [48;2;96;80;168m▀[48;2;120;120;248m [48;2;96;80;168m▀[48;2;120;120;248m [48;2;0;0;0m [38;2;208;200;184;48;2;128;120;112m▀     [48;2;72;56;120m [38;2;96;80;168;48;2;120;120;248m▀[48;2;0;0;0m [48;2;128;120;112m     [0m[38;2;0;0;0m▀▀[0m                    
        [38;2;0;0;0m▀[48;2;0;0;0m [48;2;128;120;112m▀[38;2;96;80;168;48;2;0;0;0m▀▀▀▀[48;2;72;56;120m▀▀▀▀▀▀▀[48;2;0;0;0m▀▀ [38;2;208;200;184m▀[38;2;128;120;112;48;2;248;248;248m▀▀[48;2;208;200;184m▀▀▀[48;2;72;56;120m [38;2;96;80;168;48;2;168;224;248m▀[48;2;0;0;0m [38;2;128;120;112;48;2;208;200;184m▀▀▀▀▀[38;2;0;0;0;48;2;128;120;112m▀[48;2;0;0;0m [0m                    
       [38;2;0;0;0m▄▄▄[48;2;0;0;0m  [38;2;72;56;120;48;2;96;80;168m▀▀[48;2;72;56;120m [38;2;0;0;0m▀▀▀[48;2;255;255;255m▀▀▀▀[38;2;72;72;72;48;2;0;0;0m▀  [38;2;0;0;0;48;2;128;120;112m▀[38;2;208;200;184;48;2;72;72;72m▀[38;2;128;120;112m▀▀▀▀[48;2;72;56;120m [38;2;96;80;168;48;2;120;120;248m▀[48;2;0;0;0m [38;2;128;120;112;48;2;72;72;72m▀▀▀▀▀[38;2;72;72;72;48;2;0;0;0m▀ [0m                    
       [48;2;0;0;0m [38;2;248;248;248m▀[38;2;72;72;72m▀[38;2;128;120;112m▀[38;2;72;72;72m▀ [38;2;120;120;248m▀[38;2;96;80;168m▀[38;2;72;56;120m▀▀[38;2;0;0;0;48;2;255;255;255m▀    [48;2;0;0;0m [38;2;72;72;72;48;2;128;120;112m▀[48;2;0;0;0m [38;2;0;0;0;48;2;255;255;255m▀▀▀▀▀▀▀[48;2;72;72;72m▀[48;2;0;0;0m      [0m[38;2;0;0;0m▄▄▄[0m                   
             [38;2;0;0;0m▀[38;2;248;248;248;48;2;0;0;0m▀[38;2;128;120;112;48;2;248;248;248m▀[38;2;0;0;0;48;2;208;200;184m▀[38;2;255;255;255;48;2;0;0;0m▀▀▀▀▀ [38;2;128;120;112;48;2;72;72;72m▀[48;2;0;0;0m [38;2;0;0;0;48;2;128;120;112m▀▀▀▀▀▀▀ [38;2;128;120;112;48;2;0;0;0m▀▀▀▀▀▀▀▀ [0m                   
               [38;2;0;0;0m▀[38;2;128;120;112;48;2;0;0;0m▀[38;2;208;200;184m▀▀[38;2;128;120;112m▀▀▀▀▀▀[0m[38;2;0;0;0m▀▀▀▀▀▀▀▀[0m                            
