               [38;2;0;0;0m▄[48;2;96;80;168m▀[48;2;120;120;248m▀[0m[38;2;0;0;0m▄▄[0m          [38;2;0;0;0m▄[48;2;120;120;248m▀[48;2;144;168;248m▀[48;2;168;224;248m▀▀[0m[38;2;0;0;0m▄[0m            
              [48;2;0;0;0m [38;2;96;80;168;48;2;120;120;248m▀ [38;2;144;168;248;48;2;168;224;248m▀[38;2;120;120;248;48;2;96;80;168m▀[48;2;144;168;248m▀[38;2;0;0;0;48;2;120;120;248m▀▀[0m[38;2;0;0;0m▄▄[0m    [38;2;0;0;0m▄[48;2;120;120;248m▀[38;2;120;120;248;48;2;168;224;248m▀[38;2;144;168;248m▀[48;2;120;120;248m▀[48;2;144;168;248m [48;2;120;120;248m▀[38;2;168;224;248;48;2;144;168;248m▀[38;2;0;0;0m▀[0m[38;2;0;0;0m▄[0m          
              [48;2;0;0;0m [38;2;96;80;168;48;2;120;120;248m▀[38;2;144;168;248;48;2;96;80;168m▀[38;2;96;80;168;48;2;72;56;120m▀[48;2;120;120;248m [38;2;144;168;248m▀▀[48;2;144;168;248m [38;2;120;120;248m▀▀[38;2;0;0;0;48;2;120;120;248m▀▀[0m[38;2;0;0;0m▄▄[48;2;120;120;248m▀[48;2;144;168;248m [38;2;168;224;248;48;2;120;120;248m▀▀[38;2;120;120;248;48;2;144;168;248m▀  [48;2;120;120;248m [38;2;144;168;248m▀[48;2;0;0;0m [0m          
               [38;2;0;0;0m▀[38;2;72;56;120;48;2;0;0;0m▀[48;2;72;56;120m [38;2;120;120;248;48;2;96;80;168m▀▀[48;2;120;120;248m   [38;2;144;168;248;48;2;0;0;0m▀▀[48;2;144;168;248m [38;2;120;120;248m▀[48;2;0;0;0m [48;2;96;80;168m▀[38;2;144;168;248;48;2;120;120;248m▀[48;2;144;168;248m   [48;2;120;120;248m▀ [38;2;120;120;248;48;2;96;80;168m▀ [48;2;0;0;0m [0m          
                  [38;2;0;0;0m▀▀[38;2;96;80;168;48;2;0;0;0m▀▀[38;2;0;0;0;48;2;96;80;168m▀[38;2;96;80;168;48;2;120;120;248m▀[38;2;120;120;248;48;2;144;168;248m▀[38;2;0;0;0;48;2;120;120;248m▀▀[48;2;0;0;0m [38;2;96;80;168m▀[38;2;120;120;248;48;2;96;80;168m▀[48;2;120;120;248m  [48;2;96;80;168m▀▀ [38;2;96;80;168;48;2;0;0;0m▀ [0m           
                     [48;2;0;0;0m [38;2;120;120;248;48;2;96;80;168m▀[48;2;144;168;248m▀[38;2;168;224;248;48;2;96;80;168m▀[38;2;96;80;168;48;2;120;120;248m▀[38;2;144;168;248;48;2;168;224;248m▀[38;2;120;120;248m▀[48;2;144;168;248m▀[38;2;0;0;0;48;2;120;120;248m▀▀[38;2;96;80;168;48;2;0;0;0m▀▀[38;2;0;0;0;48;2;120;120;248m▀▀[38;2;120;120;248;48;2;144;168;248m▀▀[38;2;0;0;0;48;2;96;80;168m▀[48;2;120;120;248m▀[0m[38;2;0;0;0m▄[0m        
          [38;2;0;0;0m▄▄▄▄▄▄▄▄▄[0m  [38;2;0;0;0m▀[38;2;120;120;248;48;2;0;0;0m▀[38;2;96;80;168;48;2;72;56;120m▀ [48;2;120;120;248m [38;2;144;168;248m▀▀[38;2;168;224;248;48;2;144;168;248m▀▀[38;2;144;168;248;48;2;168;224;248m▀[38;2;120;120;248m▀[48;2;144;168;248m▀[38;2;0;0;0;48;2;120;120;248m▀▀[38;2;120;120;248;48;2;0;0;0m▀▀[48;2;96;80;168m▀[38;2;144;168;248;48;2;120;120;248m▀[48;2;0;0;0m [0m        
        [38;2;0;0;0m▄[48;2;120;120;248m▀[38;2;168;224;248;48;2;144;168;248m▀[38;2;144;168;248;48;2;168;224;248m▀[48;2;144;168;248m     [38;2;120;120;248m▀[48;2;120;120;248m [38;2;0;0;0m▀[0m[38;2;0;0;0m▄[0m  [48;2;0;0;0m [38;2;0;0;0;48;2;120;120;248m▀[38;2;96;80;168;48;2;0;0;0m▀▀[38;2;120;120;248;48;2;96;80;168m▀▀[48;2;120;120;248m [38;2;144;168;248m▀▀[38;2;168;224;248;48;2;144;168;248m▀▀[38;2;144;168;248;48;2;168;224;248m▀[38;2;120;120;248m▀[48;2;144;168;248m▀[38;2;0;0;0;48;2;120;120;248m▀▀[48;2;0;0;0m [0m[38;2;0;0;0m▄[0m       
   [38;2;0;0;0m▄[48;2;144;168;248m▀[0m[38;2;0;0;0m▄[0m [38;2;0;0;0m▄[48;2;120;120;248m▀[38;2;120;120;248;48;2;0;0;0m▀[38;2;0;0;0;48;2;72;56;120m▀[38;2;144;168;248;48;2;0;0;0m▀[38;2;168;224;248;48;2;144;168;248m▀[38;2;144;168;248;48;2;168;224;248m▀▀[48;2;144;168;248m    [38;2;120;120;248m▀[48;2;120;120;248m [38;2;0;0;0m▀[0m[38;2;0;0;0m▄[48;2;0;0;0m [48;2;120;120;248m   [48;2;96;80;168m▀[48;2;144;168;248m▀[38;2;96;80;168;48;2;0;0;0m▀▀[38;2;120;120;248;48;2;96;80;168m▀▀[48;2;120;120;248m [38;2;144;168;248m▀▀[38;2;168;224;248;48;2;144;168;248m▀▀[38;2;144;168;248;48;2;168;224;248m▀[38;2;120;120;248m▀[48;2;144;168;248m▀[38;2;0;0;0;48;2;96;80;168m▀[48;2;120;120;248m▀[0m[38;2;0;0;0m▄[0m    
   [48;2;0;0;0m [48;2;144;168;248m [38;2;0;0;0;48;2;120;120;248m▀[0m[38;2;0;0;0m▄[48;2;120;120;248m▀[38;2;120;120;248;48;2;0;0;0m▀[38;2;0;0;0;48;2;72;56;120m▀  ▀[38;2;144;168;248;48;2;0;0;0m▀[38;2;168;224;248;48;2;144;168;248m▀[48;2;248;248;248m▀▀[38;2;144;168;248;48;2;168;224;248m▀▀[48;2;144;168;248m [48;2;168;224;248m▀[38;2;120;120;248;48;2;144;168;248m▀▀[38;2;0;0;0m▀[38;2;120;120;248;48;2;0;0;0m▀[48;2;120;120;248m  [48;2;96;80;168m [48;2;144;168;248m [48;2;96;80;168m [48;2;72;56;120m [38;2;0;0;0;48;2;96;80;168m▀▀[38;2;96;80;168;48;2;0;0;0m▀▀[38;2;120;120;248;48;2;96;80;168m▀▀[48;2;120;120;248m [38;2;144;168;248m▀▀[38;2;168;224;248;48;2;144;168;248m▀[38;2;120;120;248;48;2;96;80;168m▀[48;2;144;168;248m [48;2;0;0;0m [0m    
   [38;2;0;0;0m▄[48;2;0;0;0m  [48;2;72;56;120m▀[38;2;120;120;248;48;2;0;0;0m▀[38;2;0;0;0;48;2;72;56;120m▀     [48;2;0;0;0m [48;2;168;224;248m [38;2;144;168;248;48;2;96;80;168m▀▀▀▀▀▀▀[48;2;120;120;248m▀[48;2;0;0;0m [48;2;120;120;248m  [48;2;96;80;168m [48;2;144;168;248m [48;2;96;80;168m [48;2;72;56;120m [48;2;96;80;168m    [38;2;0;0;0m▀▀[38;2;96;80;168;48;2;0;0;0m▀▀[38;2;120;120;248;48;2;72;56;120m▀[48;2;96;80;168m▀[38;2;72;56;120m▀[38;2;144;168;248;48;2;0;0;0m▀[0m[38;2;0;0;0m▀[0m    
 [38;2;0;0;0m▄[48;2;72;56;120m▀[38;2;144;168;248;48;2;168;224;248m▀[48;2;144;168;248m   [38;2;0;0;0m▀[38;2;72;56;120;48;2;0;0;0m▀[48;2;72;56;120m    [48;2;0;0;0m [48;2;168;224;248m [38;2;144;168;248;48;2;96;80;168m▀[38;2;96;80;168;48;2;0;0;0m▀[38;2;0;0;0;48;2;72;56;120m▀▀▀▀▀[48;2;0;0;0m [48;2;120;120;248m [48;2;0;0;0m [48;2;120;120;248m  [48;2;96;80;168m [48;2;144;168;248m [48;2;96;80;168m [48;2;72;56;120m [38;2;72;56;120;48;2;96;80;168m▀▀▀▀▀▀[48;2;72;56;120m [48;2;96;80;168m▀[48;2;0;0;0m [0m[38;2;0;0;0m▀▀[0m      
 [48;2;0;0;0m [38;2;248;240;160;48;2;240;184;56m▀[38;2;96;80;168;48;2;72;56;120m▀[38;2;168;224;248;48;2;144;168;248m▀[38;2;144;168;248;48;2;168;224;248m▀[48;2;144;168;248m   [38;2;0;0;0m▀[38;2;72;56;120;48;2;0;0;0m▀[48;2;72;56;120m [48;2;0;0;0m [48;2;168;224;248m [38;2;144;168;248;48;2;96;80;168m▀[38;2;96;80;168;48;2;0;0;0m▀[38;2;0;0;0;48;2;72;56;120m▀     [48;2;0;0;0m [48;2;120;120;248m [48;2;0;0;0m [38;2;96;80;168;48;2;120;120;248m▀[38;2;120;120;248;48;2;96;80;168m▀ [48;2;144;168;248m [48;2;96;80;168m [48;2;72;56;120m [48;2;96;80;168m      [48;2;72;56;120m [48;2;96;80;168m [48;2;0;0;0m [0m        
 [48;2;0;0;0m [48;2;240;184;56m [48;2;72;56;120m [38;2;120;120;248m▀[38;2;144;168;248;48;2;120;120;248m▀[38;2;168;224;248;48;2;72;56;120m▀[38;2;144;168;248;48;2;168;224;248m▀▀[48;2;144;168;248m  [38;2;0;0;0m▀[38;2;144;168;248;48;2;96;80;168m▀▀[38;2;96;80;168;48;2;0;0;0m▀[38;2;0;0;0;48;2;72;56;120m▀      [48;2;0;0;0m [48;2;120;120;248m [48;2;0;0;0m [48;2;72;56;120m▀[38;2;120;120;248;48;2;0;0;0m▀[38;2;96;80;168;48;2;120;120;248m▀[48;2;144;168;248m [48;2;96;80;168m [48;2;72;56;120m [48;2;96;80;168m      [48;2;72;56;120m [48;2;96;80;168m [48;2;0;0;0m [38;2;0;0;0;48;2;96;80;168m▀▀[0m[38;2;0;0;0m▄[0m     
[48;2;0;0;0m [38;2;0;0;0;48;2;144;168;248m▀[48;2;72;56;120m▀  [48;2;0;0;0m [38;2;248;240;160;48;2;240;184;56m▀[48;2;96;80;168m [38;2;248;248;248;48;2;144;168;248m▀[38;2;168;224;248;48;2;120;120;248m▀▀[38;2;144;168;248m▀[48;2;96;80;168m [38;2;96;80;168;48;2;168;224;248m▀[38;2;0;0;0;48;2;144;168;248m▀▀▀▀▀▀[48;2;120;120;248m▀▀[48;2;96;80;168m▀[48;2;120;120;248m [48;2;0;0;0m [48;2;96;80;168m [48;2;72;56;120m ▀[38;2;144;168;248;48;2;0;0;0m▀[38;2;96;80;168m▀[38;2;72;56;120m▀[38;2;96;80;168m▀▀▀▀▀▀[38;2;72;56;120m▀[38;2;96;80;168m▀ [48;2;72;56;120m▀[48;2;96;80;168m  [38;2;0;0;0m▀[0m[38;2;0;0;0m▄[0m   
[48;2;0;0;0m  [38;2;144;168;248m▀[38;2;72;56;120m▀[48;2;72;56;120m [48;2;0;0;0m [48;2;240;184;56m [48;2;96;80;168m [48;2;144;168;248m [48;2;120;120;248m   [48;2;96;80;168m [48;2;120;120;248m       [38;2;208;184;168;48;2;72;56;120m▀[38;2;128;120;120m▀ [48;2;120;120;248m [48;2;0;0;0m [48;2;96;80;168m  [38;2;72;56;120m▀[48;2;72;56;120m [38;2;0;0;0m▀▀▀▀▀▀▀▀     [38;2;96;80;168m▀[48;2;96;80;168m  [38;2;0;0;0m▀[0m[38;2;0;0;0m▄[0m 
[48;2;0;0;0m [38;2;0;0;0;48;2;168;224;248m▀[48;2;0;0;0m [48;2;72;56;120m   ▀[38;2;96;80;168;48;2;120;120;248m▀[48;2;144;168;248m [48;2;120;120;248m   [48;2;96;80;168m [48;2;120;120;248m         [48;2;96;80;168m [48;2;120;120;248m [48;2;0;0;0m ▀▀[38;2;120;120;248m▀▀▀[38;2;144;168;248m▀▀▀▀▀▀[38;2;120;120;248m▀▀▀▀▀▀▀▀▀[38;2;96;80;168m▀ [0m 
[48;2;0;0;0m [48;2;144;168;248m [38;2;168;224;248;48;2;120;120;248m▀[38;2;0;0;0;48;2;168;224;248m▀[38;2;72;56;120;48;2;0;0;0m▀ [38;2;144;168;248m▀[38;2;72;56;120;48;2;144;168;248m▀[38;2;144;168;248;48;2;72;56;120m▀[38;2;120;120;248;48;2;96;80;168m▀▀▀[48;2;72;56;120m [48;2;96;80;168m▀▀▀▀[48;2;120;120;248m     [48;2;96;80;168m [48;2;120;120;248m [48;2;0;0;0m  [38;2;96;80;168;48;2;120;120;248m▀[38;2;120;120;248;48;2;168;224;248m▀▀[48;2;144;168;248m▀▀▀▀▀▀▀▀▀▀▀▀▀▀▀▀[38;2;96;80;168;48;2;120;120;248m▀[48;2;0;0;0m [0m 
[48;2;0;0;0m [38;2;0;0;0;48;2;64;56;80m▀[38;2;144;168;248;48;2;0;0;0m▀[38;2;120;120;248;48;2;144;168;248m▀[38;2;168;224;248;48;2;120;120;248m▀[38;2;0;0;0;48;2;168;224;248m▀[48;2;0;0;0m  [38;2;168;224;248m▀[38;2;144;168;248m▀▀[38;2;168;224;248m▀▀[38;2;144;168;248m▀▀▀▀[38;2;72;56;120;48;2;144;168;248m▀[38;2;120;120;248;48;2;72;56;120m▀▀▀▀[38;2;96;80;168m▀[48;2;120;120;248m [48;2;0;0;0m  [38;2;144;168;248m▀                 [38;2;120;120;248m▀[48;2;144;168;248m [48;2;0;0;0m [0m 
 [38;2;0;0;0m▀[38;2;64;56;80;48;2;0;0;0m▀ [38;2;144;168;248m▀[38;2;120;120;248;48;2;144;168;248m▀[38;2;248;248;248;48;2;168;224;248m▀[48;2;0;0;0m [38;2;0;0;0;48;2;128;120;120m▀[38;2;128;120;120;48;2;64;56;80m▀[38;2;64;56;80;48;2;40;32;48m▀[38;2;88;80;96;48;2;0;0;0m▀[38;2;64;56;80;48;2;40;32;48m▀[48;2;64;56;80m [38;2;0;0;0m▀[48;2;0;0;0m   [48;2;144;168;248m [38;2;72;56;120;48;2;0;0;0m▀[38;2;120;120;248m▀▀▀▀ [38;2;0;0;0;48;2;40;32;48m▀[38;2;40;32;48;48;2;128;120;120m▀[38;2;128;120;120;48;2;64;56;80m▀[38;2;64;56;80;48;2;40;32;48m▀[38;2;88;80;96;48;2;0;0;0m▀[38;2;64;56;80;48;2;40;32;48m▀[48;2;64;56;80m [38;2;0;0;0m▀[48;2;0;0;0m  [48;2;40;32;48m▀[38;2;40;32;48;48;2;128;120;120m▀[38;2;128;120;120;48;2;64;56;80m▀[38;2;64;56;80;48;2;40;32;48m▀[38;2;88;80;96;48;2;0;0;0m▀[38;2;64;56;80;48;2;40;32;48m▀[48;2;64;56;80m [38;2;0;0;0m▀[48;2;0;0;0m  [48;2;120;120;248m [48;2;0;0;0m [0m 
[38;2;40;32;48m▀[38;2;0;0;0;48;2;40;32;48m▀[48;2;0;0;0m    [38;2;144;168;248m▀[48;2;88;80;96m [38;2;64;56;80;48;2;40;32;48m▀[38;2;40;32;48;48;2;0;0;0m▀[38;2;0;0;0;48;2;96;80;168m▀[38;2;96;80;168;48;2;72;56;120m▀[38;2;0;0;0;48;2;96;80;168m▀[38;2;40;32;48;48;2;0;0;0m▀[38;2;64;56;80;48;2;40;32;48m▀[48;2;88;80;96m▀[48;2;0;0;0m  [38;2;144;168;248;48;2;168;224;248m▀[38;2;72;56;120;48;2;144;168;248m▀[38;2;96;80;168;48;2;120;120;248m▀▀▀[38;2;0;0;0;48;2;144;168;248m▀[48;2;0;0;0m [48;2;88;80;96m [38;2;64;56;80;48;2;40;32;48m▀[38;2;40;32;48;48;2;0;0;0m▀[38;2;0;0;0;48;2;96;80;168m▀[38;2;96;80;168;48;2;72;56;120m▀[38;2;0;0;0;48;2;96;80;168m▀[38;2;40;32;48;48;2;0;0;0m▀[38;2;64;56;80;48;2;40;32;48m▀[48;2;88;80;96m▀[48;2;0;0;0m [48;2;88;80;96m [48;2;40;32;48m▀[38;2;40;32;48;48;2;0;0;0m▀[38;2;0;0;0;48;2;96;80;168m▀[38;2;96;80;168;48;2;72;56;120m▀[38;2;0;0;0;48;2;96;80;168m▀[38;2;40;32;48;48;2;0;0;0m▀[38;2;64;56;80;48;2;40;32;48m▀[48;2;88;80;96m▀[48;2;0;0;0m [38;2;120;120;248m▀ [0m 
  [38;2;40;32;48m▀[38;2;0;0;0;48;2;40;32;48m▀[48;2;0;0;0m  [48;2;40;32;48m [38;2;88;80;96;48;2;208;184;168m▀[38;2;0;0;0;48;2;40;32;48m▀[38;2;72;56;120;48;2;0;0;0m▀[48;2;96;80;168m▀[38;2;144;168;248m▀[38;2;96;80;168;48;2;168;224;248m▀[38;2;120;120;248;48;2;72;56;120m▀[38;2;0;0;0;48;2;40;32;48m▀[48;2;88;80;96m [48;2;0;0;0m        [48;2;40;32;48m▀[38;2;88;80;96;48;2;208;184;168m▀[38;2;0;0;0;48;2;40;32;48m▀[38;2;72;56;120;48;2;0;0;0m▀[48;2;96;80;168m▀[38;2;144;168;248m▀[38;2;96;80;168;48;2;168;224;248m▀[38;2;120;120;248;48;2;72;56;120m▀[38;2;0;0;0;48;2;40;32;48m▀[48;2;88;80;96m [48;2;0;0;0m [38;2;88;80;96;48;2;208;184;168m▀[38;2;0;0;0;48;2;40;32;48m▀[38;2;72;56;120;48;2;0;0;0m▀[48;2;96;80;168m▀[38;2;144;168;248m▀[38;2;96;80;168;48;2;168;224;248m▀[38;2;120;120;248;48;2;72;56;120m▀[38;2;0;0;0;48;2;40;32;48m▀[48;2;88;80;96m [48;2;0;0;0m [0m   
    [38;2;40;32;48m▀[38;2;0;0;0;48;2;40;32;48m▀[48;2;0;0;0m [38;2;88;80;96m▀[38;2;64;56;80;48;2;128;120;120m▀[38;2;40;32;48;48;2;64;56;80m▀[38;2;0;0;0;48;2;40;32;48m▀[38;2;120;120;248;48;2;0;0;0m▀[38;2;72;56;120;48;2;40;32;48m▀[38;2;40;32;48;48;2;64;56;80m▀[38;2;64;56;80;48;2;208;184;168m▀[38;2;128;120;120;48;2;0;0;0m▀        [38;2;40;32;48m▀[38;2;88;80;96;48;2;40;32;48m▀[38;2;64;56;80;48;2;128;120;120m▀[38;2;40;32;48;48;2;64;56;80m▀[38;2;0;0;0;48;2;40;32;48m▀[38;2;120;120;248;48;2;0;0;0m▀[38;2;72;56;120;48;2;40;32;48m▀[38;2;40;32;48;48;2;64;56;80m▀[38;2;64;56;80;48;2;208;184;168m▀[38;2;128;120;120;48;2;0;0;0m▀ [38;2;88;80;96m▀[38;2;64;56;80;48;2;128;120;120m▀[38;2;40;32;48;48;2;64;56;80m▀[38;2;0;0;0;48;2;40;32;48m▀[38;2;120;120;248;48;2;0;0;0m▀[38;2;72;56;120;48;2;40;32;48m▀[38;2;40;32;48;48;2;64;56;80m▀[38;2;64;56;80;48;2;208;184;168m▀[38;2;128;120;120;48;2;0;0;0m▀ [0m[38;2;40;32;48m▄[0m  
      [38;2;40;32;48m▀[38;2;0;0;0;48;2;40;32;48m▀[48;2;0;0;0m [38;2;88;80;96m▀[38;2;128;120;120m▀[38;2;88;80;96m▀▀[38;2;208;184;168m▀            [38;2;40;32;48m▀[38;2;88;80;96m▀[38;2;128;120;120m▀[38;2;88;80;96m▀▀[38;2;208;184;168m▀     [38;2;88;80;96m▀[38;2;128;120;120m▀[38;2;88;80;96m▀▀[38;2;208;184;168m▀    [38;2;40;32;48m▀[0m[38;2;40;32;48m▄[0m
