                                   [38;2;160;160;160m▄▄▄▄▄[48;2;255;255;255m▀▀▀▀▀▀▀▀▀▀▀▀▀[0m[38;2;160;160;160m▄▄▄▄▄[0m     
                               [38;2;160;160;160m▄▄[48;2;255;255;255m▀▀          [38;2;255;255;255;48;2;8;8;8m▀▀▀[48;2;255;255;255m          [38;2;160;160;160m▀▀[0m[38;2;160;160;160m▄▄[0m 
                              [38;2;160;160;160m▀[38;2;255;255;255;48;2;160;160;160m▀▀[48;2;255;255;255m          [48;2;8;8;8m▀[38;2;8;8;8;48;2;248;248;248m▀[38;2;64;64;64;48;2;160;160;160m▀[48;2;8;8;8m▀[48;2;64;64;64m [38;2;8;8;8m▀[38;2;255;255;255;48;2;8;8;8m▀[48;2;255;255;255m          [48;2;160;160;160m▀▀[0m[38;2;160;160;160m▀[0m
                                 [38;2;160;160;160m▀▀[38;2;255;255;255;48;2;160;160;160m▀▀▀▀▀[48;2;64;56;104m▀▀▀[38;2;8;8;8m▀[38;2;64;64;64;48;2;8;8;8m▀[38;2;160;160;160;48;2;64;64;64m▀▀[38;2;64;64;64;48;2;8;8;8m▀▀[38;2;8;8;8;48;2;96;112;168m▀[48;2;96;136;200m▀[48;2;96;112;168m▀[38;2;255;255;255;48;2;8;8;8m▀[48;2;160;160;160m▀▀▀▀▀[0m[38;2;160;160;160m▀▀[0m   
       [38;2;160;160;160m▄▄▄▄▄▄▄▄▄▄▄[0m                  [48;2;64;56;104m [48;2;96;112;168m   [38;2;160;160;160m▀▀[48;2;8;8;8m▀[48;2;136;192;248m▀[48;2;96;112;168m▀▀▀[48;2;80;80;144m▀▀[48;2;96;136;200m▀▀▀[48;2;96;112;168m▀[38;2;80;80;144m▀[38;2;8;8;8m▀[0m[38;2;8;8;8m▄[0m       
  [38;2;160;160;160m▄▄[48;2;255;255;255m▀▀▀           ▀▀▀[0m[38;2;160;160;160m▄▄[0m             [48;2;64;56;104m [48;2;96;112;168m   [38;2;96;112;168;48;2;8;8;8m▀[38;2;8;8;8;48;2;136;192;248m▀[38;2;136;192;248;48;2;120;176;232m▀ [48;2;96;136;200m    [48;2;96;112;168m     [38;2;96;112;168;48;2;8;8;8m▀[0m[38;2;8;8;8m▀[0m        
[38;2;160;160;160m▄[48;2;255;255;255m▀       [38;2;255;255;255;48;2;8;8;8m▀▀[38;2;8;8;8;48;2;160;160;160m▀[48;2;64;64;64m▀▀▀[38;2;255;255;255;48;2;8;8;8m▀▀[48;2;255;255;255m      [38;2;160;160;160m▀[0m[38;2;160;160;160m▄[0m           [48;2;64;56;104m [48;2;96;112;168m [38;2;96;112;168;48;2;8;8;8m▀[38;2;8;8;8;48;2;136;192;248m▀[38;2;136;192;248;48;2;120;176;232m▀  [38;2;120;176;232;48;2;96;136;200m▀[38;2;96;136;200;48;2;120;176;232m▀[48;2;8;8;8m▀[38;2;8;8;8;48;2;136;192;248m▀[48;2;168;232;248m▀▀[48;2;136;192;248m▀[48;2;120;176;232m▀[48;2;136;192;248m▀[48;2;120;176;232m▀▀[48;2;96;136;200m▀[48;2;8;8;8m [0m       
 [38;2;160;160;160m▀[38;2;255;255;255;48;2;160;160;160m▀▀[48;2;255;255;255m   [48;2;8;8;8m▀[38;2;8;8;8;48;2;96;136;200m▀[38;2;72;64;120m▀[38;2;104;104;104;48;2;8;8;8m▀[38;2;248;248;248;48;2;104;104;104m▀[38;2;64;64;64m▀▀[48;2;64;64;64m [48;2;8;8;8m▀[38;2;72;64;120;48;2;96;112;168m▀[38;2;8;8;8;48;2;72;64;120m▀[38;2;255;255;255;48;2;8;8;8m▀[48;2;255;255;255m  [48;2;160;160;160m▀▀[0m[38;2;160;160;160m▀[0m            [38;2;64;56;104;48;2;8;8;8m▀[38;2;8;8;8;48;2;64;56;104m▀ [38;2;120;176;232m▀[48;2;120;176;232m [48;2;96;136;200m▀[38;2;96;136;200;48;2;120;176;232m▀  [48;2;8;8;8m [48;2;168;232;248m [48;2;96;136;200m [48;2;96;112;168m▀▀▀▀▀▀ [48;2;8;8;8m [0m       
    [38;2;160;160;160m▀▀▀[38;2;8;8;8;48;2;160;160;160m▀[38;2;96;136;200m▀[38;2;136;192;248m▀[38;2;96;112;168m▀[38;2;8;8;8m▀▀▀▀[38;2;96;112;168m▀▀[38;2;72;64;120m▀[0m[38;2;160;160;160m▀▀▀[0m             [38;2;8;8;8m▄[48;2;64;56;104m▀   [38;2;64;56;104;48;2;96;136;200m▀[38;2;96;136;200;48;2;120;176;232m▀[38;2;120;176;232;48;2;136;192;248m▀  [48;2;120;176;232m [48;2;8;8;8m [38;2;168;232;248;48;2;136;192;248m▀[48;2;96;136;200m [38;2;120;176;232;48;2;96;112;168m▀[38;2;136;192;248m▀[38;2;96;136;200m▀[38;2;120;176;232m▀[38;2;96;136;200m▀▀ [48;2;8;8;8m [0m       
        [48;2;8;8;8m [38;2;96;112;168;48;2;96;136;200m▀[38;2;168;232;248;48;2;120;176;232m▀[38;2;136;192;248m▀▀▀[48;2;96;136;200m▀[38;2;96;136;200;48;2;96;112;168m▀ [38;2;72;64;120m▀[38;2;8;8;8;48;2;72;64;120m▀[0m[38;2;8;8;8m▄[0m        [38;2;8;8;8m▄▄[0m  [38;2;8;8;8m▄[48;2;120;176;232m▀[38;2;120;176;232;48;2;136;192;248m▀[38;2;64;56;104;48;2;120;176;232m▀[48;2;64;56;104m [48;2;96;136;200m▀[38;2;96;136;200;48;2;120;176;232m▀[38;2;120;176;232;48;2;136;192;248m▀  [38;2;136;192;248;48;2;168;232;248m▀[38;2;168;232;248;48;2;136;192;248m▀[38;2;120;176;232;48;2;96;112;168m▀[48;2;8;8;8m [48;2;168;232;248m [48;2;96;136;200m [38;2;96;136;200;48;2;136;192;248m▀▀[48;2;120;176;232m▀[48;2;96;136;200m [48;2;120;176;232m▀[48;2;96;136;200m [48;2;96;112;168m [48;2;8;8;8m [0m       
       [38;2;8;8;8m▄[48;2;96;136;200m▀[38;2;96;136;200;48;2;136;192;248m▀ [48;2;168;232;248m [48;2;120;176;232m  [38;2;120;176;232;48;2;96;136;200m▀[38;2;96;136;200;48;2;96;112;168m▀   [38;2;72;64;120m▀[38;2;8;8;8;48;2;72;64;120m▀[0m[38;2;8;8;8m▄▄▄▄▄▄[48;2;8;8;8m [48;2;120;176;232m [48;2;8;8;8m [0m[38;2;8;8;8m▄[48;2;120;176;232m▀[38;2;120;176;232;48;2;136;192;248m▀[38;2;136;192;248;48;2;120;176;232m▀ [38;2;120;176;232;48;2;96;136;200m▀[38;2;96;136;200;48;2;120;176;232m▀ [48;2;136;192;248m  [38;2;136;192;248;48;2;168;232;248m▀[38;2;168;232;248;48;2;136;192;248m▀[38;2;136;192;248;48;2;120;176;232m▀ [48;2;96;136;200m▀[48;2;8;8;8m [48;2;136;192;248m [48;2;96;136;200m [38;2;96;112;168m▀▀▀▀▀▀[48;2;96;112;168m [48;2;8;8;8m [0m       
      [38;2;8;8;8m▄[48;2;96;136;200m▀[38;2;168;232;248;48;2;136;192;248m▀[38;2;136;192;248;48;2;168;232;248m▀[48;2;120;176;232m▀▀   [38;2;96;136;200m▀▀▀▀▀▀[38;2;96;112;168m▀▀▀▀[48;2;136;192;248m▀[48;2;120;176;232m▀[48;2;136;192;248m▀[48;2;120;176;232m [48;2;136;192;248m▀[38;2;120;176;232m▀[38;2;136;192;248;48;2;120;176;232m▀ [38;2;120;176;232;48;2;96;136;200m▀[38;2;96;136;200;48;2;120;176;232m▀[38;2;120;176;232;48;2;136;192;248m▀  [48;2;168;232;248m▀[38;2;168;232;248;48;2;120;176;232m▀[48;2;136;192;248m [48;2;120;176;232m  [38;2;120;176;232;48;2;96;136;200m▀[48;2;64;56;104m [48;2;8;8;8m [48;2;136;192;248m [48;2;96;136;200m [48;2;96;112;168m▀[38;2;96;136;200m▀[38;2;120;176;232m▀[38;2;96;136;200m▀▀▀ [48;2;8;8;8m [0m       
     [38;2;8;8;8m▄[48;2;96;136;200m▀[48;2;136;192;248m  [48;2;64;56;104m [38;2;168;232;248;48;2;8;8;8m▀[38;2;136;192;248;48;2;168;232;248m▀▀▀[48;2;136;192;248m [38;2;96;136;200m▀▀▀▀▀▀▀▀▀▀▀▀▀▀▀▀▀▀[38;2;120;176;232m▀  [38;2;136;192;248;48;2;168;232;248m▀[38;2;168;232;248;48;2;136;192;248m▀ [38;2;96;136;200;48;2;120;176;232m▀[38;2;120;176;232;48;2;96;136;200m▀[48;2;120;176;232m [48;2;96;136;200m▀ [38;2;96;112;168m▀[48;2;8;8;8m [48;2;136;192;248m [48;2;96;136;200m [38;2;96;136;200;48;2;136;192;248m▀[48;2;120;176;232m▀[48;2;96;136;200m    [48;2;96;112;168m [48;2;8;8;8m [0m       
    [38;2;8;8;8m▄[48;2;64;56;104m▀[38;2;120;176;232;48;2;96;112;168m▀[38;2;136;192;248;48;2;120;176;232m▀[48;2;136;192;248m  [38;2;64;56;104m▀▀[38;2;168;232;248m▀[48;2;96;112;168m      [48;2;136;192;248m▀▀▀[48;2;96;112;168m▀[48;2;136;192;248m▀▀▀▀▀▀▀▀▀▀[48;2;120;176;232m▀▀▀[38;2;136;192;248m▀▀ [38;2;120;176;232;48;2;96;136;200m▀[38;2;96;112;168m▀[38;2;96;136;200;48;2;96;112;168m▀[48;2;96;136;200m   [48;2;8;8;8m [48;2;136;192;248m [48;2;96;136;200m [38;2;96;112;168m▀▀▀▀▀▀[48;2;96;112;168m [48;2;8;8;8m [0m       
   [38;2;8;8;8m▄[48;2;64;56;104m▀[38;2;64;56;104;48;2;96;112;168m▀[38;2;136;192;248;48;2;120;176;232m▀[38;2;96;112;168;48;2;64;56;104m▀[38;2;96;136;200m▀[38;2;120;176;232;48;2;136;192;248m▀[48;2;8;8;8m▀▀[48;2;120;176;232m  [48;2;96;112;168m▀[48;2;96;136;200m▀[48;2;96;112;168m▀▀▀▀▀▀▀▀▀▀▀▀▀▀▀▀[48;2;72;64;120m▀[38;2;96;112;168;48;2;96;136;200m▀[48;2;120;176;232m▀▀[48;2;96;136;200m▀[48;2;120;176;232m▀[48;2;96;136;200m▀[38;2;96;136;200;48;2;80;80;144m▀[48;2;96;136;200m [38;2;96;112;168m▀[38;2;96;136;200;48;2;72;64;120m▀[48;2;96;136;200m [48;2;96;112;168m [48;2;8;8;8m [38;2;136;192;248;48;2;96;136;200m▀[38;2;96;136;200;48;2;96;112;168m▀[38;2;96;112;168;48;2;80;80;144m▀▀▀▀▀▀▀[48;2;8;8;8m [0m       
  [38;2;8;8;8m▄[48;2;120;176;232m▀[38;2;64;56;104;48;2;96;112;168m▀[38;2;136;192;248;48;2;120;176;232m▀[38;2;80;80;144;48;2;64;56;104m▀ [38;2;64;56;104;48;2;136;192;248m▀[38;2;120;176;232;48;2;96;112;168m▀[48;2;64;56;104m [48;2;8;8;8m [48;2;120;176;232m [48;2;96;136;200m [48;2;120;176;232m [48;2;96;136;200m▀▀▀▀▀ ▀▀ ▀▀ ▀▀ ▀ [48;2;96;112;168m [48;2;120;176;232m [48;2;96;136;200m     [48;2;80;80;144m [48;2;96;136;200m  [48;2;72;64;120m [48;2;96;112;168m  [48;2;80;80;144m [38;2;8;8;8;48;2;72;64;120m▀▀[48;2;8;8;8m [0m[38;2;8;8;8m▀▀▀▀▀▀[0m        
 [38;2;8;8;8m▄[48;2;64;56;104m▀[38;2;64;56;104;48;2;96;112;168m▀[38;2;136;192;248;48;2;120;176;232m▀[38;2;96;112;168;48;2;64;56;104m▀ [38;2;64;56;104;48;2;136;192;248m▀[38;2;120;176;232;48;2;96;112;168m▀[48;2;64;56;104m [38;2;64;56;104;48;2;8;8;8m▀ [48;2;120;176;232m [48;2;96;136;200m [48;2;120;176;232m [38;2;96;136;200;48;2;96;112;168m▀[38;2;96;112;168;48;2;96;136;200m▀▀  [38;2;96;136;200;48;2;96;112;168m▀[38;2;96;112;168;48;2;96;136;200m▀▀  [38;2;96;136;200;48;2;96;112;168m▀[38;2;96;112;168;48;2;96;136;200m▀▀    [48;2;136;192;248m▀[48;2;120;176;232m [48;2;8;8;8m▀[38;2;8;8;8;48;2;64;56;104m▀▀[38;2;96;112;168;48;2;8;8;8m▀[38;2;96;136;200;48;2;120;176;232m▀[48;2;80;80;144m [48;2;96;136;200m [48;2;96;112;168m▀ [48;2;72;64;120m [38;2;96;112;168;48;2;80;80;144m▀ [48;2;72;64;120m [38;2;72;64;120;48;2;8;8;8m▀[0m[38;2;8;8;8m▀[0m              
[38;2;8;8;8m▄[48;2;64;56;104m▀[38;2;64;56;104;48;2;80;80;144m▀[48;2;136;192;248m [38;2;96;112;168;48;2;64;56;104m▀[38;2;120;176;232m▀[38;2;64;56;104;48;2;136;192;248m▀[38;2;120;176;232;48;2;96;112;168m▀[48;2;64;56;104m  [38;2;8;8;8m▀[48;2;8;8;8m [48;2;120;176;232m [48;2;96;136;200m [48;2;120;176;232m [48;2;96;136;200m [38;2;96;112;168;48;2;8;8;8m▀[38;2;8;8;8;48;2;64;56;104m▀[48;2;8;8;8m [38;2;96;112;168m▀[38;2;96;136;200;48;2;136;192;248m▀[38;2;96;112;168;48;2;8;8;8m▀[38;2;8;8;8;48;2;64;56;104m▀[48;2;8;8;8m [38;2;96;112;168m▀[38;2;96;136;200;48;2;120;176;232m▀[38;2;96;112;168;48;2;8;8;8m▀[38;2;8;8;8;48;2;64;56;104m▀[48;2;8;8;8m [38;2;96;112;168m▀[38;2;96;136;200;48;2;136;192;248m▀[48;2;96;136;200m [38;2;120;176;232;48;2;96;112;168m▀[48;2;120;176;232m [48;2;8;8;8m [48;2;64;56;104m [48;2;8;8;8m  [48;2;120;176;232m [48;2;80;80;144m [38;2;96;136;200;48;2;96;112;168m▀  [38;2;72;64;120;48;2;80;80;144m▀ [48;2;72;64;120m [48;2;8;8;8m▀[0m[38;2;8;8;8m▀[0m               
[48;2;8;8;8m [38;2;64;56;104;48;2;80;80;144m▀[38;2;96;112;168;48;2;136;192;248m▀[38;2;120;176;232;48;2;96;112;168m▀[48;2;64;56;104m [38;2;64;56;104;48;2;80;80;144m▀[38;2;136;192;248;48;2;120;176;232m▀[38;2;120;176;232;48;2;8;8;8m▀▀▀[38;2;96;136;200m▀▀▀[48;2;96;136;200m [48;2;120;176;232m [48;2;96;136;200m [38;2;8;8;8;48;2;96;112;168m▀[48;2;8;8;8m  [48;2;96;112;168m▀[38;2;136;192;248;48;2;120;176;232m▀[38;2;8;8;8;48;2;96;112;168m▀[48;2;8;8;8m  [48;2;96;112;168m▀[48;2;120;176;232m [48;2;96;112;168m▀[48;2;8;8;8m  [48;2;96;112;168m▀[38;2;136;192;248;48;2;120;176;232m▀[48;2;96;136;200m [48;2;96;112;168m [48;2;120;176;232m [48;2;8;8;8m [38;2;64;56;104m▀  [48;2;120;176;232m [48;2;80;80;144m [48;2;96;112;168m  [38;2;96;112;168;48;2;80;80;144m▀ [48;2;72;64;120m [38;2;72;64;120;48;2;8;8;8m▀[0m[38;2;8;8;8m▀[0m                
[48;2;8;8;8m [38;2;8;8;8;48;2;136;192;248m▀[38;2;136;192;248;48;2;120;176;232m▀[48;2;64;56;104m  [38;2;120;176;232;48;2;136;192;248m▀[38;2;96;112;168;48;2;64;56;104m▀[38;2;64;56;104;48;2;8;8;8m▀[48;2;64;56;104m   [48;2;8;8;8m  [48;2;96;136;200m [38;2;120;176;232m▀  [38;2;136;192;248m▀▀[38;2;120;176;232m▀  [38;2;136;192;248m▀▀[38;2;120;176;232m▀  [38;2;136;192;248m▀▀[38;2;120;176;232m▀  [48;2;96;112;168m [48;2;120;176;232m [38;2;96;112;168;48;2;96;136;200m▀[38;2;8;8;8;48;2;120;176;232m▀▀[38;2;96;112;168m▀[38;2;120;176;232;48;2;96;136;200m▀[48;2;80;80;144m [48;2;96;112;168m [38;2;96;112;168;48;2;80;80;144m▀ [48;2;72;64;120m [38;2;72;64;120;48;2;8;8;8m▀[0m[38;2;8;8;8m▀[0m                 
[48;2;8;8;8m [48;2;96;136;200m [48;2;120;176;232m [38;2;64;56;104;48;2;8;8;8m▀[48;2;64;56;104m [48;2;136;192;248m [48;2;64;56;104m  [38;2;8;8;8m▀▀▀[48;2;8;8;8m  [48;2;96;136;200m [38;2;120;176;232;48;2;96;112;168m▀[38;2;96;136;200m▀▀▀▀▀▀▀▀▀▀▀▀▀▀▀▀▀ [48;2;120;176;232m▀[48;2;96;136;200m     [48;2;80;80;144m [38;2;96;112;168m▀[38;2;80;80;144;48;2;72;64;120m▀ [38;2;72;64;120;48;2;8;8;8m▀[0m[38;2;8;8;8m▀[0m                  
[48;2;8;8;8m [38;2;96;136;200;48;2;80;80;144m▀[48;2;96;136;200m [38;2;136;192;248m▀[38;2;8;8;8;48;2;136;192;248m▀ [48;2;8;8;8m [38;2;64;56;104m▀▀▀   [48;2;96;136;200m [38;2;72;64;120m▀▀▀▀▀▀▀▀▀▀▀▀▀▀▀▀▀▀[38;2;96;112;168;48;2;64;56;104m▀[38;2;96;136;200;48;2;72;64;120m▀▀▀▀▀▀[38;2;72;64;120;48;2;80;80;144m▀[38;2;80;80;144;48;2;72;64;120m▀ [38;2;72;64;120;48;2;8;8;8m▀[0m[38;2;8;8;8m▀[0m                   
 [38;2;8;8;8m▀[38;2;80;80;144;48;2;8;8;8m▀[38;2;96;136;200;48;2;80;80;144m▀[48;2;96;136;200m [38;2;136;192;248m▀[38;2;8;8;8;48;2;136;192;248m▀▀▀[48;2;96;136;200m▀[48;2;120;176;232m▀[48;2;96;136;200m▀[48;2;120;176;232m▀[38;2;96;136;200;48;2;96;112;168m▀                       [38;2;96;112;168;48;2;80;80;144m▀ [38;2;80;80;144;48;2;72;64;120m▀ [38;2;72;64;120;48;2;8;8;8m▀[0m[38;2;8;8;8m▀[0m                    
   [38;2;8;8;8m▀[38;2;80;80;144;48;2;8;8;8m▀[38;2;96;136;200m▀[48;2;80;80;144m▀▀▀▀▀[38;2;96;112;168m▀▀▀[48;2;72;64;120m                          [38;2;72;64;120;48;2;8;8;8m▀[0m[38;2;8;8;8m▀[0m                     
      [38;2;8;8;8m▀▀▀▀▀[48;2;232;240;232m▀[48;2;8;8;8m   [48;2;232;240;248m▀[0m[38;2;8;8;8m▀▀▀▀▀▀▀▀▀▀▀▀▀▀▀▀▀[48;2;64;64;64m▀▀[48;2;104;104;104m▀▀[48;2;64;64;64m▀[48;2;8;8;8m  [0m                       
           [48;2;8;8;8m  [38;2;8;8;8;48;2;64;64;64m▀▀[48;2;8;8;8m [0m                  [38;2;64;64;64m▀▀▀[38;2;255;255;255;48;2;8;8;8m▀    [0m[38;2;8;8;8m▄[0m                    
           [48;2;8;8;8m  [38;2;104;104;104m▀▀ [0m                     [48;2;8;8;8m  [48;2;64;64;64m [38;2;64;64;64;48;2;104;104;104m▀▀[48;2;8;8;8m [0m                    
            [38;2;8;8;8m▀▀▀[0m                      [38;2;8;8;8m▀[48;2;8;8;8m [38;2;64;64;64m▀▀[38;2;104;104;104m▀[0m[38;2;8;8;8m▀[0m                    
