                             [38;2;64;48;104m▄[48;2;96;128;224m▀▀[0m[38;2;64;48;104m▄[0m                         
                           [38;2;64;48;104m▄[48;2;96;128;224m▀[48;2;120;176;232m   [38;2;120;176;232;48;2;168;232;248m▀[48;2;64;48;104m [38;2;24;16;16;48;2;88;72;144m▀[0m[38;2;24;16;16m▄[0m                      
                           [38;2;64;48;104;48;2;24;16;16m▀[38;2;120;176;232;48;2;168;232;248m▀▀▀ [38;2;168;232;248;48;2;96;128;224m▀[48;2;64;48;104m [48;2;88;72;144m  [48;2;24;16;16m [0m                     
                            [38;2;64;48;104;48;2;24;16;16m▀[38;2;168;232;248;48;2;64;48;104m▀▀[38;2;96;128;224m▀[38;2;64;48;104;48;2;96;128;224m▀   [48;2;24;16;16m [0m                     
                       [38;2;24;16;16m▄▄▄▄▄[48;2;24;16;16m [48;2;120;176;232m   [38;2;96;128;224m▀[48;2;96;128;224m   [48;2;24;16;16m [0m                     
                      [48;2;24;16;16m [48;2;96;128;224m [38;2;168;232;248;48;2;120;176;232m▀[38;2;64;48;104;48;2;168;232;248m▀[38;2;88;72;144;48;2;64;48;104m▀[48;2;96;128;224m▀▀[38;2;120;176;232;48;2;88;72;144m▀[48;2;120;176;232m   [48;2;96;128;224m   [48;2;24;16;16m [0m[38;2;24;16;16m▄[0m                    
              [38;2;24;16;16m▄▄▄[0m     [48;2;24;16;16m [48;2;96;128;224m [48;2;120;176;232m  [38;2;168;232;248m▀[38;2;64;48;104m▀[38;2;96;128;224;48;2;64;48;104m▀▀[38;2;88;72;144m▀[38;2;120;176;232m▀▀[38;2;96;128;224m▀▀[48;2;24;16;16m▀ [38;2;88;72;144m▀ [0m    [38;2;64;48;104m▄[48;2;184;168;144m▀▀▀▀▀▀[48;2;128;120;120m▀[0m[38;2;24;16;16m▄[0m      
             [38;2;24;16;16m▄[48;2;96;128;224m▀[38;2;104;96;176;48;2;168;232;248m▀[38;2;96;128;224;48;2;104;96;176m▀[38;2;24;16;16;48;2;96;128;224m▀▀[0m[38;2;24;16;16m▄▄[0m [38;2;24;16;16m▀[38;2;96;128;224;48;2;24;16;16m▀[38;2;120;176;232;48;2;96;128;224m▀[48;2;120;176;232m     [48;2;96;128;224m▀[38;2;96;128;224;48;2;104;96;176m▀[48;2;88;72;144m▀[48;2;104;96;176m▀[48;2;88;72;144m▀▀▀▀[48;2;24;16;16m [0m   [48;2;64;48;104m [48;2;184;168;144m  [38;2;184;168;144;48;2;128;120;120m▀▀▀▀▀▀ [48;2;24;16;16m [0m     
             [48;2;24;16;16m [38;2;96;128;224;48;2;120;176;232m▀[38;2;120;176;232;48;2;104;96;176m▀[38;2;168;232;248;48;2;120;176;232m▀[38;2;104;96;176;48;2;168;232;248m▀[38;2;96;128;224;48;2;104;96;176m▀[48;2;96;128;224m [38;2;104;96;176m▀[38;2;24;16;16;48;2;104;96;176m▀[0m[38;2;24;16;16m▄[0m [48;2;24;16;16m [38;2;96;128;224;48;2;64;48;104m▀[38;2;120;176;232;48;2;96;128;224m▀[48;2;120;176;232m  [38;2;96;128;224m▀[38;2;104;96;176;48;2;96;128;224m▀[38;2;96;128;224;48;2;104;96;176m▀[38;2;104;96;176;48;2;88;72;144m▀[38;2;88;72;144;48;2;104;96;176m▀[48;2;88;72;144m    [48;2;24;16;16m [0m  [48;2;64;48;104m [38;2;184;168;144;48;2;128;120;120m▀[48;2;184;168;144m [48;2;128;120;120m▀      [48;2;24;16;16m [0m      
            [48;2;24;16;16m [48;2;96;128;224m [38;2;120;176;232;48;2;104;96;176m▀[38;2;96;128;224;48;2;120;176;232m▀[38;2;104;96;176;48;2;96;128;224m▀[38;2;120;176;232;48;2;104;96;176m▀[38;2;168;232;248;48;2;120;176;232m▀[38;2;104;96;176;48;2;168;232;248m▀[38;2;96;128;224;48;2;104;96;176m▀[48;2;96;128;224m [38;2;104;96;176m▀[38;2;24;16;16;48;2;104;96;176m▀[48;2;24;16;16m [38;2;88;72;144;48;2;104;96;176m▀[38;2;24;16;16;48;2;88;72;144m▀[38;2;88;72;144;48;2;24;16;16m▀[38;2;120;176;232m▀[38;2;96;128;224;48;2;88;72;144m▀[38;2;104;96;176;48;2;96;128;224m▀[38;2;96;128;224;48;2;104;96;176m▀[38;2;104;96;176;48;2;88;72;144m▀[38;2;88;72;144;48;2;104;96;176m▀[48;2;88;72;144m    [48;2;24;16;16m [0m [48;2;64;48;104m [38;2;128;120;120;48;2;184;168;144m▀[48;2;128;120;120m [48;2;88;64;96m▀      [48;2;24;16;16m [0m       
     [38;2;24;16;16m▄[48;2;168;232;248m▀[0m[38;2;24;16;16m▄▄▄▄▄[0m [38;2;24;16;16m▀[38;2;96;128;224;48;2;24;16;16m▀[38;2;104;96;176;48;2;96;128;224m▀[38;2;120;176;232;48;2;104;96;176m▀[38;2;96;128;224;48;2;120;176;232m▀[38;2;104;96;176;48;2;96;128;224m▀[38;2;120;176;232m▀[48;2;104;96;176m [38;2;88;72;144m▀▀[38;2;96;128;224;48;2;88;72;144m▀[38;2;104;96;176m▀[38;2;24;16;16;48;2;104;96;176m▀[38;2;104;96;176;48;2;24;16;16m▀[48;2;96;128;224m▀[38;2;88;72;144;48;2;104;96;176m▀[38;2;24;16;16;48;2;88;72;144m▀▀▀▀▀▀▀▀▀[48;2;24;16;16m [48;2;64;48;104m [48;2;184;168;144m  [38;2;184;168;144;48;2;128;120;120m▀      [48;2;24;16;16m [0m        
     [48;2;24;16;16m [38;2;96;128;224m▀[38;2;120;176;232;48;2;96;128;224m▀[38;2;24;16;16;48;2;120;176;232m▀[38;2;120;176;232;48;2;64;48;104m▀[38;2;96;128;224;48;2;120;176;232m▀[38;2;104;96;176;48;2;96;128;224m▀[38;2;24;16;16;48;2;104;96;176m▀[0m[38;2;24;16;16m▄[0m [38;2;24;16;16m▀[38;2;96;128;224;48;2;24;16;16m▀[38;2;104;96;176;48;2;96;128;224m▀[48;2;120;176;232m [48;2;104;96;176m      [38;2;88;72;144m▀[48;2;24;16;16m [38;2;64;48;104;48;2;96;128;224m▀[38;2;96;128;224;48;2;64;48;104m▀▀[48;2;104;96;176m  [48;2;88;72;144m [48;2;64;48;104m [38;2;64;48;104;48;2;88;72;144m▀▀  [48;2;24;16;16m [48;2;184;168;144m  [38;2;184;168;144;48;2;128;120;120m▀      [48;2;24;16;16m [0m         
   [38;2;24;16;16m▄▄[48;2;24;16;16m [48;2;120;176;232m [48;2;64;48;104m▀[38;2;96;128;224m▀[38;2;64;48;104;48;2;96;128;224m▀[38;2;96;128;224;48;2;168;232;248m▀[48;2;120;176;232m [48;2;96;128;224m [48;2;104;96;176m [48;2;24;16;16m [38;2;24;16;16;48;2;64;48;104m▀▀▀[38;2;96;128;224;48;2;24;16;16m▀[48;2;104;96;176m      [48;2;24;16;16m [48;2;96;128;224m    [38;2;64;48;104;48;2;104;96;176m▀▀[48;2;88;72;144m▀▀▀▀▀▀[48;2;24;16;16m [48;2;104;96;176m▀[38;2;184;168;144;48;2;64;48;104m▀[38;2;128;120;120;48;2;24;16;16m▀▀▀▀▀▀ [0m[38;2;24;16;16m▄[0m         
[38;2;88;72;144m▄[38;2;24;16;16;48;2;88;72;144m▀[48;2;168;104;72m▀[38;2;168;104;72;48;2;240;176;88m▀ [48;2;24;16;16m [38;2;120;176;232;48;2;96;128;224m▀[48;2;64;48;104m  [48;2;168;232;248m [48;2;120;176;232m  [48;2;96;128;224m [48;2;104;96;176m [48;2;24;16;16m [48;2;120;176;232m [38;2;64;48;104m▀[48;2;64;48;104m [38;2;120;176;232m▀[38;2;24;16;16;48;2;120;176;232m▀[48;2;64;48;104m▀[38;2;104;96;176;48;2;24;16;16m▀▀▀ [38;2;96;128;224;48;2;64;48;104m▀[48;2;96;128;224m    [48;2;104;96;176m  [48;2;88;72;144m [38;2;88;72;144;48;2;64;48;104m▀▀▀▀[48;2;88;72;144m [48;2;24;16;16m [48;2;96;128;224m [38;2;104;96;176m▀[48;2;120;176;232m▀[48;2;96;128;224m▀▀▀▀▀▀[48;2;88;72;144m▀[48;2;24;16;16m [0m        
[48;2;88;72;144m [48;2;96;128;224m [38;2;88;72;144m▀[48;2;88;72;144m [48;2;240;176;88m▀▀[38;2;24;16;16;48;2;168;104;72m▀[38;2;96;128;224;48;2;24;16;16m▀[38;2;64;48;104;48;2;96;128;224m▀[48;2;120;176;232m  [38;2;120;176;232;48;2;96;128;224m▀[38;2;96;128;224;48;2;104;96;176m▀ [48;2;24;16;16m [38;2;64;48;104;48;2;136;88;80m▀[38;2;120;176;232;48;2;64;48;104m▀[48;2;120;176;232m [38;2;64;48;104m▀[48;2;104;96;176m▀[38;2;120;176;232;48;2;64;48;104m▀[38;2;104;96;176m▀▀ [38;2;24;16;16;48;2;120;176;232m▀[38;2;136;88;80;48;2;24;16;16m▀[38;2;64;48;104;48;2;136;88;80m▀[38;2;96;128;224;48;2;64;48;104m▀[48;2;96;128;224m  [48;2;104;96;176m  [48;2;88;72;144m [48;2;64;48;104m [48;2;88;72;144m    [48;2;24;16;16m ▀[48;2;96;128;224m [48;2;104;96;176m [48;2;88;72;144m       [48;2;24;16;16m [38;2;24;16;16;48;2;136;88;80m▀▀[0m[38;2;24;16;16m▄[0m     
[38;2;88;72;144;48;2;24;16;16m▀[38;2;168;232;248;48;2;104;96;176m▀[38;2;96;128;224;48;2;168;232;248m▀[48;2;96;128;224m [38;2;88;72;144m▀[48;2;88;72;144m [48;2;240;176;88m▀▀[38;2;24;16;16;48;2;168;104;72m▀[38;2;96;128;224;48;2;24;16;16m▀▀[38;2;104;96;176m▀▀[38;2;24;16;16;48;2;168;104;72m▀[38;2;136;88;80m▀▀▀[38;2;64;48;104m▀[38;2;120;176;232;48;2;24;16;16m▀[38;2;104;96;176m▀▀▀▀▀▀ [48;2;136;88;80m  [38;2;64;48;104m▀[38;2;96;128;224;48;2;64;48;104m▀[48;2;104;96;176m [38;2;104;96;176;48;2;88;72;144m▀ [48;2;64;48;104m [48;2;88;72;144m    [48;2;24;16;16m [38;2;88;72;144;48;2;136;88;80m▀[38;2;24;16;16;48;2;88;72;144m▀[38;2;104;96;176;48;2;24;16;16m▀[38;2;88;72;144m▀▀▀▀▀▀▀[38;2;24;16;16;48;2;136;88;80m▀   ▀[0m[38;2;24;16;16m▄[0m   
[38;2;24;16;16m▀[38;2;104;96;176;48;2;24;16;16m▀[48;2;104;96;176m [38;2;168;232;248m▀▀[38;2;96;128;224;48;2;168;232;248m▀[38;2;88;72;144m▀▀▀▀[38;2;240;176;88;48;2;88;72;144m▀▀▀▀▀▀[48;2;240;176;88m   [38;2;168;104;72m▀[38;2;136;88;80m▀▀▀▀▀▀▀▀▀▀[38;2;64;48;104m▀▀▀[38;2;24;16;16;48;2;168;104;72m▀[38;2;64;48;104m▀[38;2;24;16;16m▀▀▀[38;2;64;48;104;48;2;136;88;80m▀  [38;2;88;72;144m▀▀▀▀▀▀▀       [38;2;24;16;16m▀[0m[38;2;24;16;16m▄[0m 
 [38;2;24;16;16m▀[38;2;104;96;176;48;2;24;16;16m▀[48;2;104;96;176m       [38;2;168;232;248m▀▀▀▀▀▀[38;2;88;72;144;48;2;168;232;248m▀▀▀▀▀▀▀▀▀▀▀▀▀▀▀▀▀▀▀▀▀▀▀▀▀▀▀▀▀▀▀▀▀▀▀▀▀▀▀▀▀[48;2;24;16;16m [0m
  [38;2;24;16;16m▀[38;2;104;96;176;48;2;24;16;16m▀[48;2;104;96;176m             [48;2;96;128;224m▀[48;2;88;72;144m▀[48;2;104;96;176m   [48;2;96;128;224m▀[48;2;88;72;144m▀[48;2;104;96;176m            [48;2;96;128;224m▀[48;2;88;72;144m▀[48;2;104;96;176m  [48;2;96;128;224m▀[48;2;88;72;144m▀[48;2;104;96;176m  [48;2;96;128;224m▀[48;2;88;72;144m▀[48;2;104;96;176m  [48;2;96;128;224m▀[48;2;88;72;144m▀[48;2;104;96;176m       [48;2;24;16;16m [0m
   [38;2;24;16;16m▀[38;2;104;96;176;48;2;24;16;16m▀[48;2;104;96;176m            [48;2;96;128;224m [48;2;88;72;144m [48;2;104;96;176m   [48;2;96;128;224m [48;2;88;72;144m [48;2;104;96;176m            [48;2;96;128;224m [48;2;88;72;144m [48;2;104;96;176m  [48;2;96;128;224m [48;2;88;72;144m [48;2;104;96;176m  [48;2;96;128;224m [48;2;88;72;144m [48;2;104;96;176m  [48;2;96;128;224m [48;2;88;72;144m [48;2;104;96;176m       [48;2;24;16;16m [0m
   [48;2;88;96;152m [38;2;24;16;16;48;2;112;152;232m▀[38;2;104;96;176;48;2;24;16;16m▀[48;2;104;96;176m   [48;2;192;224;248m▀[38;2;112;152;232m▀[38;2;192;224;248;48;2;104;96;176m▀   [38;2;104;96;176;48;2;112;152;232m▀[48;2;192;224;248m▀[38;2;88;72;144m▀[38;2;104;96;176;48;2;112;152;232m▀[48;2;104;96;176m   [38;2;88;72;144m▀             ▀   ▀   ▀   ▀        [48;2;24;16;16m [0m
   [48;2;88;96;152m [38;2;192;224;248;48;2;112;152;232m▀[38;2;24;16;16;48;2;88;96;152m▀[48;2;88;72;144m [38;2;88;72;144;48;2;192;224;248m▀  [38;2;192;224;248;48;2;248;248;248m▀[48;2;192;224;248m [38;2;104;96;176m▀[38;2;112;152;232m▀      ▀[38;2;104;96;176m▀[48;2;88;72;144m▀▀▀▀▀▀▀▀▀▀▀▀▀▀▀▀▀▀▀▀▀▀▀▀▀▀▀▀▀▀▀▀[48;2;24;16;16m [0m[38;2;24;16;16m▀▀[0m 
   [38;2;88;96;152m▀[48;2;88;96;152m  [38;2;112;152;232;48;2;192;224;248m▀ [38;2;192;224;248;48;2;112;152;232m▀[48;2;192;224;248m  [48;2;112;152;232m▀[48;2;192;224;248m  [48;2;112;152;232m▀[48;2;88;96;152m  ▀[48;2;112;152;232m▀[48;2;192;224;248m [48;2;112;152;232m▀[48;2;192;224;248m   [48;2;88;72;144m▀[38;2;112;152;232m▀ [38;2;88;72;144;48;2;112;152;232m▀[48;2;192;224;248m▀[48;2;112;152;232m▀[48;2;88;72;144m                        [48;2;24;16;16m [48;2;88;96;152m  [0m 
     [48;2;88;96;152m  [38;2;192;224;248m▀ ▀           ▀[48;2;112;152;232m▀[38;2;112;152;232;48;2;192;224;248m▀[38;2;88;72;144m▀[38;2;112;152;232m▀   ▀[38;2;88;72;144m▀[48;2;112;152;232m▀[48;2;192;224;248m▀▀▀▀▀▀▀[48;2;112;152;232m▀[48;2;192;224;248m▀▀▀▀▀▀[48;2;112;152;232m▀▀▀▀▀▀▀▀[38;2;24;16;16m▀[38;2;112;152;232;48;2;88;96;152m▀[0m[38;2;88;96;152m▀[0m 
        [38;2;88;96;152m▀▀▀▀▀▀▀▀▀▀[48;2;88;96;152m [38;2;112;152;232m▀ [38;2;88;96;152;48;2;112;152;232m▀[48;2;192;224;248m▀ [38;2;112;152;232m▀ [38;2;88;96;152;48;2;112;152;232m▀[48;2;88;96;152m [0m[38;2;88;96;152m▀[48;2;88;96;152m [38;2;112;152;232m▀[38;2;192;224;248m▀[38;2;112;152;232m▀ [0m[38;2;88;96;152m▀▀▀▀▀▀▀▀▀▀▀▀▀▀▀▀▀▀▀▀▀[0m   
                    [38;2;88;96;152m▀▀▀[38;2;112;152;232;48;2;88;96;152m▀▀[0m[38;2;112;152;232m▀[38;2;88;96;152m▀▀[0m                              
