               [38;2;8;8;8m▄[48;2;80;64;136m▀[48;2;120;112;224m▀▀▀▀[48;2;80;64;136m▀[0m[38;2;8;8;8m▄[0m         
             [38;2;8;8;8m▄[48;2;152;168;248m▀[48;2;120;112;224m [38;2;152;168;248;48;2;80;64;136m▀▀▀[38;2;80;64;136;48;2;120;112;224m▀[48;2;152;168;248m▀[38;2;8;8;8m▀[38;2;80;64;136;48;2;120;112;224m▀[38;2;8;8;8;48;2;80;64;136m▀[0m[38;2;8;8;8m▄[0m       
             [48;2;8;8;8m [38;2;8;8;8;48;2;120;112;224m▀[38;2;80;64;136m▀[38;2;120;112;224;48;2;168;224;248m▀[38;2;152;168;248m▀ [38;2;168;224;248;48;2;152;168;248m▀  [48;2;120;112;224m [38;2;80;64;136;48;2;8;8;8m▀ [0m    [38;2;8;8;8m▄▄▄[0m
 [38;2;8;8;8m▄▄[48;2;56;48;56m▀[48;2;192;168;144m▀[48;2;56;48;56m▀[0m[38;2;8;8;8m▄▄▄▄▄▄▄▄[48;2;8;8;8m [38;2;248;208;144m▀[38;2;80;64;136;48;2;120;112;224m▀[38;2;168;224;248;48;2;152;168;248m▀▀ [38;2;152;168;248;48;2;120;112;224m▀[38;2;120;112;224;48;2;8;8;8m▀[38;2;8;8;8;48;2;144;80;56m▀ [48;2;8;8;8m [0m[38;2;8;8;8m▄▄[48;2;112;112;96m▀▀[38;2;112;112;96;48;2;192;168;144m▀▀[48;2;8;8;8m [0m
[48;2;8;8;8m [38;2;112;112;96;48;2;56;48;56m▀[38;2;192;168;144;48;2;112;112;96m▀[38;2;248;240;240m▀[48;2;192;168;144m▀[48;2;112;112;96m [38;2;112;112;96;48;2;56;48;56m▀▀[48;2;8;8;8m [38;2;192;168;144;48;2;112;112;96m▀▀▀  [48;2;8;8;8m [38;2;144;80;56;48;2;248;152;96m▀[48;2;8;8;8m [38;2;8;8;8;48;2;248;240;240m▀[48;2;144;80;56m▀▀[48;2;248;152;96m▀[38;2;144;80;56;48;2;8;8;8m▀[48;2;144;80;56m [48;2;8;8;8m▀[38;2;8;8;8;48;2;112;112;96m▀[48;2;56;48;56m [38;2;112;112;96m▀[48;2;112;112;96m [38;2;192;168;144m▀▀▀[48;2;8;8;8m [0m
 [38;2;8;8;8m▀▀[38;2;56;48;56;48;2;8;8;8m▀[38;2;112;112;96m▀[38;2;56;48;56m▀[0m[38;2;8;8;8m▀[38;2;56;48;56m▀[48;2;8;8;8m [38;2;8;8;8;48;2;112;112;96m▀[48;2;8;8;8m     [38;2;248;152;96m▀[38;2;248;208;144;48;2;248;152;96m▀▀[38;2;248;152;96;48;2;8;8;8m▀ [38;2;112;112;96m▀  [0m[38;2;8;8;8m▀▀▀▀[38;2;56;48;56;48;2;8;8;8m▀▀[48;2;56;48;56m  [48;2;8;8;8m [0m
        [38;2;8;8;8m▀[38;2;112;112;96;48;2;8;8;8m▀▀  [38;2;248;152;96;48;2;144;80;56m▀ [48;2;8;8;8m  [38;2;8;8;8;48;2;120;112;224m▀[48;2;152;168;248m▀[38;2;120;112;224;48;2;80;64;136m▀[48;2;152;168;248m [48;2;120;112;224m [48;2;8;8;8m▀ [0m[38;2;8;8;8m▄[0m    [38;2;8;8;8m▀▀▀[0m
         [48;2;8;8;8m [38;2;248;208;144;48;2;144;80;56m▀[48;2;248;152;96m▀[48;2;8;8;8m [38;2;8;8;8;48;2;168;224;248m▀▀[38;2;120;112;224m▀▀[38;2;168;224;248;48;2;120;112;224m▀[38;2;152;168;248m▀[38;2;80;64;136;48;2;8;8;8m▀[38;2;120;112;224m▀[38;2;8;8;8;48;2;144;80;56m▀[38;2;144;80;56;48;2;248;152;96m▀▀▀[38;2;8;8;8;48;2;144;80;56m▀[0m[38;2;8;8;8m▄[0m     
          [38;2;8;8;8m▀▀[48;2;8;8;8m [38;2;152;168;248m▀[38;2;120;112;224m▀[38;2;152;168;248m▀[38;2;120;112;224m▀ [38;2;8;8;8;48;2;120;112;224m▀ [48;2;8;8;8m [48;2;144;80;56m▀[38;2;248;152;96;48;2;8;8;8m▀▀[38;2;144;80;56m▀[38;2;8;8;8;48;2;144;80;56m▀[48;2;8;8;8m [0m     
              [38;2;8;8;8m▄[48;2;8;8;8m [48;2;152;168;248m▀[38;2;80;64;136m▀[38;2;8;8;8;48;2;120;112;224m▀▀▀[48;2;80;64;136m▀[38;2;144;80;56;48;2;8;8;8m▀▀[38;2;248;152;96m▀[38;2;144;80;56m▀[0m[38;2;8;8;8m▀[0m     
           [38;2;8;8;8m▄[48;2;168;224;248m▀[48;2;152;168;248m▀[38;2;168;224;248;48;2;120;112;224m▀[38;2;120;112;224;48;2;80;64;136m▀[38;2;80;64;136;48;2;8;8;8m▀[38;2;120;112;224m▀[38;2;152;168;248m▀▀[38;2;120;112;224m▀▀[48;2;80;64;136m [48;2;8;8;8m [0m[38;2;8;8;8m▀[0m       
         [38;2;8;8;8m▄▄[48;2;8;8;8m [38;2;120;112;224;48;2;80;64;136m▀[38;2;152;168;248m▀[38;2;80;64;136;48;2;8;8;8m▀[38;2;8;8;8;48;2;255;255;255m▀▀▀  ▀[38;2;80;64;136;48;2;8;8;8m▀▀[38;2;120;112;224;48;2;56;48;56m▀[38;2;8;8;8;48;2;112;112;96m▀[0m[38;2;8;8;8m▄[0m      
    [38;2;56;48;56m▄[38;2;8;8;8m▄[38;2;56;48;56;48;2;8;8;8m▀▀ [48;2;112;112;96m▀[38;2;112;112;96;48;2;192;168;144m▀[38;2;56;48;56m▀[38;2;8;8;8;48;2;112;112;96m▀[38;2;80;64;136;48;2;248;208;144m▀[38;2;8;8;8;48;2;56;48;56m▀[48;2;8;8;8m      [38;2;56;48;56m▀▀[38;2;112;112;96m▀[38;2;192;168;144m▀   [38;2;56;48;56m▀[0m[38;2;8;8;8m▄[38;2;56;48;56m▄[0m 
      [38;2;56;48;56m▀▀[38;2;8;8;8m▀▀▀▀▀▀▀▀▀▀▀▀▀▀▀▀▀▀[38;2;56;48;56m▀▀[0m    
