      [38;2;0;0;0m▄▄▄▄[48;2;0;0;0m [48;2;120;200;104m▀[48;2;72;144;88m▀[48;2;0;0;0m [0m[38;2;0;0;0m▄▄▄▄[48;2;72;144;88m▀[48;2;120;200;104m▀▀▀▀▀▀▀▀▀[48;2;72;144;88m▀[0m[38;2;0;0;0m▄▄▄[0m      [38;2;0;0;0m▄▄▄▄[0m      
      [48;2;0;0;0m [38;2;248;248;248m▀[38;2;208;184;168m▀[38;2;88;80;96m▀[38;2;208;184;168m▀[38;2;72;144;88m▀▀[38;2;0;0;0;48;2;120;200;104m▀[48;2;168;232;120m▀[38;2;120;200;104m▀[48;2;72;144;88m [48;2;168;232;120m▀▀[38;2;72;144;88;48;2;120;200;104m▀[48;2;168;232;120m▀▀▀[48;2;120;200;104m▀▀▀▀▀[38;2;120;200;104;48;2;72;144;88m▀[48;2;120;200;104m [38;2;72;144;88m▀[38;2;0;0;0;48;2;72;144;88m▀▀[48;2;0;0;0m [48;2;72;144;88m▀▀▀▀[38;2;72;144;88;48;2;40;72;64m▀[38;2;40;72;64;48;2;120;200;104m▀[38;2;72;144;88;48;2;0;0;0m▀[48;2;72;144;88m [48;2;0;0;0m [0m     
    [38;2;0;0;0m▄[48;2;72;144;88m▀  [48;2;64;112;88m [38;2;64;112;88;48;2;0;0;0m▀[38;2;0;0;0;48;2;120;200;104m▀[38;2;120;200;104;48;2;72;144;88m▀[38;2;168;232;120m▀[38;2;72;144;88;48;2;168;232;120m▀▀▀    [38;2;120;200;104m▀[38;2;168;232;120;48;2;120;200;104m▀[48;2;168;232;120m  [38;2;64;112;88m▀▀[48;2;120;200;104m   [38;2;72;144;88m▀[38;2;120;200;104;48;2;72;144;88m▀[48;2;120;200;104m [38;2;72;144;88m▀[48;2;72;144;88m [38;2;0;0;0m▀[38;2;72;144;88;48;2;0;0;0m▀▀▀[38;2;40;72;64m▀[38;2;72;144;88m▀[38;2;120;200;104;48;2;72;144;88m▀[38;2;0;0;0;48;2;120;200;104m▀[48;2;0;0;0m [0m     
   [38;2;0;0;0m▄[48;2;0;0;0m [38;2;64;112;88m▀▀▀ [38;2;120;200;104m▀[38;2;168;232;120;48;2;72;144;88m▀[48;2;168;232;120m  [38;2;72;144;88m▀[48;2;248;248;248m▀[38;2;168;232;120;48;2;72;144;88m▀[48;2;168;232;120m      [38;2;120;200;104m▀▀[38;2;72;144;88;48;2;120;200;104m▀▀▀▀▀▀▀▀ ▀[48;2;72;144;88m  [38;2;0;0;0m▀[38;2;255;255;255;48;2;0;0;0m▀[48;2;255;255;255m  [38;2;0;0;0m▀[38;2;72;144;88;48;2;0;0;0m▀[38;2;120;200;104;48;2;72;144;88m▀[48;2;0;0;0m [0m[38;2;0;0;0m▄▄▄[0m 
 [38;2;0;0;0m▄[48;2;120;200;104m▀[38;2;168;232;120;48;2;64;112;88m▀▀[38;2;120;200;104;48;2;168;232;120m▀[48;2;120;200;104m  [38;2;64;112;88m▀[38;2;72;144;88m▀[38;2;168;232;120;48;2;72;144;88m▀[38;2;72;144;88;48;2;168;232;120m▀[38;2;168;232;120;48;2;72;144;88m▀[48;2;168;232;120m   [38;2;72;144;88m▀[38;2;168;232;120;48;2;64;112;88m▀[48;2;168;232;120m    [38;2;64;112;88;48;2;120;200;104m▀[38;2;40;72;64;48;2;64;112;88m▀[48;2;168;232;120m▀[48;2;248;248;248m▀[38;2;120;200;104;48;2;40;72;64m▀[48;2;120;200;104m       [48;2;72;144;88m [38;2;40;72;64m▀[48;2;120;200;104m▀[48;2;168;232;120m▀[38;2;0;0;0m▀▀▀▀[48;2;72;144;88m▀[48;2;120;200;104m [38;2;120;200;104;48;2;72;144;88m▀▀[48;2;120;200;104m [48;2;0;0;0m [0m
[38;2;0;0;0m▄[48;2;120;200;104m▀[38;2;72;144;88;48;2;40;72;64m▀[48;2;0;0;0m  [38;2;120;200;104;48;2;40;72;64m▀[38;2;168;232;120;48;2;248;248;248m▀▀▀[48;2;168;232;120m [38;2;120;200;104m▀[38;2;168;232;120;48;2;120;200;104m▀[38;2;120;200;104;48;2;248;248;248m▀[38;2;168;232;120;48;2;120;200;104m▀[48;2;168;232;120m [48;2;120;200;104m▀[48;2;64;112;88m [38;2;72;144;88;48;2;120;200;104m▀[48;2;168;232;120m  [38;2;168;232;120;48;2;120;200;104m▀▀▀ [38;2;64;112;88m▀[38;2;120;200;104;48;2;40;72;64m▀ [48;2;72;144;88m [38;2;72;144;88;48;2;120;200;104m▀▀▀▀▀[48;2;72;144;88m  [38;2;40;72;64m▀[38;2;72;144;88;48;2;40;72;64m▀[38;2;120;200;104m▀[48;2;0;0;0m▀▀▀▀[38;2;40;72;64m▀[38;2;120;200;104m▀▀▀▀[0m[38;2;0;0;0m▀[0m
[48;2;0;0;0m [48;2;120;200;104m [48;2;0;0;0m    [48;2;248;248;248m [48;2;168;232;120m    [48;2;72;144;88m [48;2;168;232;120m [48;2;72;144;88m [48;2;168;232;120m [48;2;64;112;88m [38;2;72;144;88;48;2;120;200;104m▀[38;2;120;200;104;48;2;168;232;120m▀[38;2;168;232;120;48;2;120;200;104m▀ [38;2;120;200;104;48;2;64;112;88m▀▀▀▀[48;2;72;144;88m▀[48;2;120;200;104m [38;2;72;144;88m▀▀     [48;2;72;144;88m [48;2;64;112;88m▀[38;2;64;112;88;48;2;120;200;104m▀▀[48;2;72;144;88m▀▀[48;2;40;72;64m▀[48;2;0;0;0m▀[0m[38;2;0;0;0m▀▀[0m     
[48;2;0;0;0m [38;2;120;200;104;48;2;72;144;88m▀[48;2;0;0;0m    [38;2;248;248;248;48;2;168;232;120m▀[38;2;168;232;120;48;2;120;200;104m▀▀▀▀[38;2;72;144;88;48;2;64;112;88m▀[38;2;168;232;120;48;2;120;200;104m▀[38;2;72;144;88;48;2;64;112;88m▀[48;2;120;200;104m [48;2;64;112;88m [48;2;120;200;104m  [38;2;120;200;104;48;2;64;112;88m▀[38;2;64;112;88;48;2;120;200;104m▀[38;2;120;200;104;48;2;72;144;88m▀[48;2;0;0;0m▀▀▀[38;2;40;72;64m▀[38;2;72;144;88m▀[38;2;120;200;104;48;2;72;144;88m▀[48;2;120;200;104m    [48;2;72;144;88m▀[38;2;72;144;88;48;2;64;112;88m▀[38;2;64;112;88;48;2;120;200;104m▀[38;2;120;200;104;48;2;72;144;88m▀[38;2;72;144;88;48;2;40;72;64m▀[38;2;40;72;64;48;2;72;144;88m▀▀[38;2;72;144;88;48;2;40;72;64m▀[38;2;0;0;0;48;2;120;200;104m▀▀▀[48;2;72;144;88m▀[0m[38;2;0;0;0m▄[0m    
[48;2;0;0;0m [48;2;72;144;88m [38;2;0;0;0;48;2;40;72;64m▀[48;2;0;0;0m  [48;2;40;72;64m▀[38;2;168;232;120;48;2;120;200;104m▀    [48;2;40;72;64m [48;2;120;200;104m [48;2;40;72;64m [48;2;64;112;88m [48;2;120;200;104m  [48;2;64;112;88m [38;2;120;200;104;48;2;72;144;88m▀[38;2;72;144;88;48;2;0;0;0m▀[38;2;0;0;0;48;2;120;200;104m▀[38;2;120;200;104;48;2;168;232;120m▀▀[48;2;120;200;104m  [38;2;0;0;0;48;2;72;144;88m▀[38;2;72;144;88;48;2;0;0;0m▀[48;2;72;144;88m [38;2;120;200;104m▀▀  [38;2;64;112;88;48;2;40;72;64m▀[38;2;120;200;104;48;2;72;144;88m▀[48;2;40;72;64m  [38;2;72;144;88;48;2;0;0;0m▀[38;2;40;72;64;48;2;120;200;104m▀[38;2;120;200;104;48;2;168;232;120m▀  [48;2;120;200;104m  [48;2;72;144;88m [38;2;0;0;0m▀[0m[38;2;0;0;0m▄[0m  
 [48;2;0;0;0m [48;2;72;144;88m [38;2;0;0;0;48;2;64;112;88m▀▀[48;2;120;200;104m [38;2;72;144;88;48;2;64;112;88m▀▀▀▀[48;2;40;72;64m [38;2;120;200;104;48;2;72;144;88m▀[48;2;40;72;64m [48;2;72;144;88m [48;2;64;112;88m [48;2;120;200;104m  [48;2;64;112;88m [48;2;0;0;0m [48;2;120;200;104m [38;2;168;232;120;48;2;248;248;248m▀[48;2;168;232;120m [48;2;120;200;104m▀  [48;2;72;144;88m  [48;2;0;0;0m [48;2;72;144;88m    [48;2;40;72;64m [48;2;72;144;88m [48;2;40;72;64m [38;2;72;144;88m▀[48;2;0;0;0m [48;2;120;200;104m [48;2;168;232;120m  [48;2;120;200;104m   [48;2;72;144;88m  [48;2;0;0;0m [0m  
  [38;2;0;0;0m▀[38;2;120;200;104;48;2;0;0;0m▀▀[38;2;64;112;88m▀▀▀▀[38;2;40;72;64m▀[38;2;64;112;88m▀[38;2;40;72;64m▀[48;2;72;144;88m [38;2;72;144;88;48;2;40;72;64m▀ [48;2;120;200;104m  [38;2;64;112;88m▀[48;2;0;0;0m [48;2;120;200;104m [38;2;248;248;248;48;2;168;232;120m▀ [38;2;120;200;104;48;2;72;144;88m▀▀▀  [48;2;0;0;0m [48;2;72;144;88m    [38;2;40;72;64m▀[38;2;72;144;88;48;2;40;72;64m▀[48;2;72;144;88m [38;2;40;72;64m▀[48;2;0;0;0m [48;2;120;200;104m [48;2;168;232;120m  [48;2;120;200;104m  [38;2;120;200;104;48;2;72;144;88m▀  [48;2;0;0;0m [0m  
   [48;2;0;0;0m [48;2;72;144;88m [48;2;64;112;88m [48;2;0;0;0m [48;2;72;144;88m [38;2;40;72;64;48;2;120;200;104m▀[38;2;72;144;88;48;2;40;72;64m▀[48;2;72;144;88m   [48;2;120;200;104m [48;2;40;72;64m [48;2;120;200;104m   [48;2;0;0;0m [38;2;120;200;104;48;2;72;144;88m▀[38;2;168;232;120;48;2;120;200;104m▀[48;2;168;232;120m [48;2;120;200;104m   [38;2;120;200;104;48;2;72;144;88m▀[38;2;72;144;88;48;2;64;112;88m▀[48;2;0;0;0m [48;2;72;144;88m      [38;2;40;72;64m▀[48;2;64;112;88m▀[48;2;0;0;0m [48;2;72;144;88m [38;2;120;200;104;48;2;168;232;120m▀▀[38;2;72;144;88;48;2;120;200;104m▀▀  [48;2;72;144;88m [48;2;0;0;0m [0m  
   [48;2;0;0;0m [48;2;72;144;88m [48;2;64;112;88m [38;2;0;0;0m▀[38;2;72;144;88;48;2;0;0;0m▀[38;2;120;200;104;48;2;72;144;88m▀[48;2;120;200;104m [38;2;40;72;64m▀[38;2;72;144;88;48;2;40;72;64m▀▀▀[38;2;40;72;64;48;2;72;144;88m▀[48;2;120;200;104m   [48;2;0;0;0m [48;2;120;200;104m [48;2;168;232;120m [38;2;120;200;104m▀[38;2;72;144;88;48;2;120;200;104m▀▀▀[38;2;64;112;88;48;2;72;144;88m▀ [48;2;0;0;0m [38;2;72;144;88;48;2;64;112;88m▀ [38;2;64;112;88;48;2;72;144;88m▀▀▀▀ [48;2;64;112;88m [48;2;0;0;0m [38;2;72;144;88;48;2;40;72;64m▀[38;2;120;200;104;48;2;72;144;88m▀[38;2;168;232;120;48;2;120;200;104m▀ [38;2;120;200;104;48;2;72;144;88m▀▀[38;2;72;144;88;48;2;120;200;104m▀[48;2;72;144;88m [38;2;0;0;0;48;2;40;72;64m▀[0m[38;2;0;0;0m▄[0m 
   [48;2;0;0;0m [48;2;72;144;88m [38;2;64;112;88;48;2;40;72;64m▀[48;2;64;112;88m [38;2;0;0;0m▀[38;2;72;144;88;48;2;0;0;0m▀[48;2;72;144;88m [38;2;120;200;104m▀[48;2;120;200;104m       [48;2;0;0;0m [48;2;120;200;104m [48;2;168;232;120m  [48;2;120;200;104m   [48;2;72;144;88m  [48;2;0;0;0m [38;2;64;112;88;48;2;72;144;88m▀ [38;2;72;144;88;48;2;0;0;0m▀[38;2;0;0;0;48;2;40;72;64m▀▀▀▀[48;2;64;112;88m  [38;2;40;72;64;48;2;0;0;0m▀[48;2;120;200;104m [48;2;168;232;120m  [48;2;120;200;104m   [48;2;72;144;88m  [48;2;0;0;0m [0m 
   [48;2;0;0;0m [38;2;72;144;88;48;2;64;112;88m▀[38;2;40;72;64m▀[48;2;40;72;64m   [38;2;0;0;0;48;2;64;112;88m▀[38;2;72;144;88;48;2;0;0;0m▀[48;2;72;144;88m  [48;2;120;200;104m▀[48;2;40;72;64m▀[48;2;120;200;104m [38;2;120;200;104;48;2;72;144;88m▀ [48;2;0;0;0m [48;2;120;200;104m [48;2;168;232;120m  [48;2;120;200;104m   [48;2;72;144;88m  [48;2;0;0;0m [48;2;72;144;88m [48;2;0;0;0m [38;2;0;0;0;48;2;40;72;64m▀▀▀▀[48;2;64;112;88m▀ [38;2;64;112;88;48;2;0;0;0m▀ [48;2;120;200;104m [48;2;168;232;120m  [48;2;120;200;104m   [48;2;72;144;88m  [48;2;0;0;0m [0m 
   [38;2;0;0;0m▀[38;2;64;112;88;48;2;0;0;0m▀[48;2;64;112;88m    [48;2;88;80;96m▀[48;2;0;0;0m▀[38;2;0;0;0;48;2;255;255;255m▀[38;2;72;144;88;48;2;0;0;0m▀[38;2;40;72;64;48;2;64;112;88m▀▀[48;2;72;144;88m   [48;2;0;0;0m [48;2;120;200;104m [48;2;168;232;120m  [48;2;120;200;104m   [48;2;72;144;88m  [48;2;0;0;0m [48;2;64;112;88m  [38;2;0;0;0m▀▀▀ [38;2;64;112;88;48;2;0;0;0m▀   [48;2;120;200;104m [48;2;168;232;120m  [48;2;120;200;104m   [48;2;72;144;88m  [48;2;0;0;0m [0m 
    [48;2;0;0;0m [48;2;88;80;96m [38;2;64;112;88m▀[48;2;0;0;0m▀[38;2;0;0;0;48;2;88;80;96m▀ [48;2;0;0;0m [38;2;255;255;255m▀▀ [38;2;64;112;88m▀▀[48;2;64;112;88m  [48;2;0;0;0m [48;2;120;200;104m [48;2;168;232;120m  [48;2;120;200;104m   [48;2;72;144;88m  [48;2;0;0;0m [48;2;64;112;88m   [48;2;0;0;0m▀▀     [48;2;72;144;88m [38;2;168;232;120;48;2;120;200;104m▀[48;2;168;232;120m [48;2;120;200;104m   [48;2;72;144;88m  [38;2;0;0;0;48;2;40;72;64m▀[0m[38;2;0;0;0m▄[0m
     [48;2;0;0;0m [38;2;88;80;96m▀▀▀          [48;2;120;200;104m [48;2;168;232;120m  [48;2;120;200;104m   [48;2;72;144;88m  [48;2;0;0;0m           [38;2;40;72;64m▀[48;2;120;200;104m [48;2;168;232;120m  [48;2;120;200;104m   [48;2;72;144;88m  [48;2;0;0;0m [0m
   [38;2;0;0;0m▄[48;2;0;0;0m               [48;2;64;112;88m [38;2;168;232;120m▀[48;2;72;144;88m▀[38;2;120;200;104m▀▀▀[38;2;72;144;88;48;2;64;112;88m▀[48;2;40;72;64m [48;2;0;0;0m            [48;2;120;200;104m [48;2;168;232;120m  [48;2;120;200;104m  [38;2;120;200;104;48;2;72;144;88m▀ [38;2;72;144;88;48;2;40;72;64m▀[48;2;0;0;0m [0m
  [48;2;0;0;0m                 [48;2;120;200;104m [38;2;64;112;88;48;2;168;232;120m▀[38;2;120;200;104;48;2;64;112;88m▀▀▀▀[38;2;64;112;88;48;2;72;144;88m▀ [48;2;0;0;0m            [48;2;64;112;88m [38;2;72;144;88m▀[48;2;168;232;120m▀[48;2;120;200;104m▀▀[38;2;120;200;104;48;2;64;112;88m▀[38;2;72;144;88m▀[38;2;64;112;88;48;2;72;144;88m▀[48;2;0;0;0m [0m
   [38;2;0;0;0m▀[48;2;0;0;0m               [48;2;120;200;104m [38;2;168;232;120m▀[48;2;168;232;120m [48;2;120;200;104m   [48;2;72;144;88m  [48;2;0;0;0m            [38;2;72;144;88;48;2;40;72;64m▀[38;2;168;232;120;48;2;120;200;104m▀[38;2;64;112;88;48;2;168;232;120m▀[48;2;120;200;104m▀▀ [48;2;72;144;88m  [48;2;0;0;0m [0m
     [38;2;0;0;0m▀[48;2;0;0;0m              [38;2;120;200;104m▀[48;2;120;200;104m   [48;2;72;144;88m▀[38;2;72;144;88;48;2;0;0;0m▀              [38;2;120;200;104m▀[48;2;72;144;88m▀[48;2;120;200;104m  [48;2;72;144;88m▀[38;2;72;144;88;48;2;0;0;0m▀  [0m
        [38;2;0;0;0m▀▀[48;2;0;0;0m          [38;2;88;80;96m▀[38;2;0;0;0;48;2;88;80;96m▀▀▀▀[38;2;88;80;96;48;2;0;0;0m▀              ▀[38;2;0;0;0;48;2;88;80;96m▀▀▀▀[38;2;88;80;96;48;2;0;0;0m▀[0m[38;2;0;0;0m▀[0m 
            [38;2;0;0;0m▀▀▀[48;2;0;0;0m                       [0m[38;2;0;0;0m▀▀▀▀▀▀▀[0m   
