                                      [38;2;48;48;72m▄[38;2;8;8;8;48;2;88;160;96m▀▀▀▀▀▀[0m[38;2;8;8;8m▄[0m          
              [38;2;8;8;8m▄▄▄▄▄▄▄▄▄▄[0m               [38;2;8;8;8m▀[38;2;120;208;112;48;2;8;8;8m▀[38;2;96;192;104;48;2;120;208;112m▀[48;2;96;192;104m   [38;2;88;160;96m▀[38;2;8;8;8;48;2;88;160;96m▀[0m[38;2;8;8;8m▄[0m        
             [38;2;8;8;8m▀[38;2;96;192;104;48;2;8;8;8m▀[48;2;72;136;96m▀[38;2;88;160;96m▀[48;2;48;88;80m▀▀[48;2;72;136;96m▀[48;2;96;192;104m▀▀[38;2;72;136;96m▀[38;2;48;88;80;48;2;72;136;96m▀[48;2;8;8;8m [0m                [48;2;8;8;8m [48;2;120;208;112m [38;2;96;192;104m▀[48;2;96;192;104m   [38;2;88;160;96m▀[38;2;8;8;8;48;2;88;160;96m▀[0m[38;2;8;8;8m▄[0m      
             [48;2;8;8;8m [48;2;96;192;104m    [38;2;88;160;96m▀[38;2;48;88;80;48;2;88;160;96m▀[38;2;88;160;96;48;2;48;88;80m▀[48;2;88;160;96m   [38;2;72;136;96;48;2;96;192;104m▀[38;2;8;8;8m▀▀[48;2;88;160;96m▀[0m[38;2;8;8;8m▄[0m           [38;2;8;8;8m▄[48;2;120;208;112m▀[48;2;96;192;104m [38;2;48;88;80;48;2;72;136;96m▀[38;2;120;208;112;48;2;48;88;80m▀[38;2;96;192;104;48;2;120;208;112m▀▀▀▀[38;2;88;160;96m▀[38;2;8;8;8;48;2;88;160;96m▀[0m[38;2;8;8;8m▄[0m    
             [48;2;8;8;8m [38;2;48;48;72;48;2;96;192;104m▀[38;2;72;136;96m▀▀▀[38;2;48;88;80m▀▀[48;2;88;160;96m▀[38;2;72;136;96;48;2;48;88;80m▀[38;2;88;160;96;48;2;72;136;96m▀[38;2;96;192;104;48;2;88;160;96m▀▀[38;2;88;160;96;48;2;48;88;80m▀▀▀[38;2;8;8;8m▀[0m[38;2;8;8;8m▄▄[0m        [38;2;8;8;8m▄[48;2;120;208;112m▀[48;2;96;192;104m [38;2;88;160;96;48;2;72;136;96m▀  [38;2;48;88;80m▀▀[38;2;8;8;8m▀[48;2;8;8;8m [0m[38;2;8;8;8m▀▀[0m     
             [48;2;8;8;8m [48;2;72;136;96m [38;2;96;192;104;48;2;184;240;120m▀[48;2;96;192;104m     [38;2;88;160;96m▀[38;2;48;88;80;48;2;88;160;96m▀[38;2;72;136;96;48;2;48;88;80m▀[48;2;96;192;104m▀ [38;2;184;240;120m▀ [38;2;88;160;96m▀[38;2;96;192;104;48;2;88;160;96m▀[38;2;88;160;96;48;2;96;192;104m▀[48;2;8;8;8m [0m      [38;2;8;8;8m▄[48;2;120;208;112m▀[48;2;96;192;104m [38;2;88;160;96;48;2;72;136;96m▀   [38;2;72;136;96;48;2;56;112;80m▀▀▀[48;2;8;8;8m [0m       
      [38;2;48;48;72m▄[48;2;88;160;96m▀[38;2;8;8;8;48;2;96;192;104m▀[48;2;8;8;8m [48;2;48;48;72m▀[38;2;96;192;104m▀[38;2;8;8;8;48;2;96;192;104m▀[38;2;48;48;72;48;2;8;8;8m▀[38;2;8;8;8;48;2;48;48;72m▀[38;2;96;192;104m▀[38;2;8;8;8;48;2;96;192;104m▀[48;2;8;8;8m [38;2;72;136;96m▀[48;2;72;136;96m    [48;2;48;88;80m [48;2;88;160;96m [38;2;96;192;104m▀[38;2;88;160;96;48;2;72;136;96m▀▀▀[48;2;48;88;80m [48;2;72;136;96m▀[48;2;8;8;8m [0m     [38;2;8;8;8m▄[48;2;120;208;112m▀[48;2;96;192;104m [38;2;88;160;96;48;2;72;136;96m▀   [38;2;72;136;96;48;2;56;112;80m▀[38;2;56;112;80;48;2;88;160;96m▀[38;2;88;160;96;48;2;72;136;96m▀▀[48;2;8;8;8m [0m       
     [38;2;48;48;72m▄[38;2;8;8;8;48;2;48;48;72m▀[38;2;48;48;72;48;2;56;112;80m▀[38;2;88;160;96;48;2;8;8;8m▀[38;2;96;192;104;48;2;120;208;112m▀[48;2;8;8;8m [38;2;48;48;72;48;2;184;240;120m▀[48;2;48;88;80m▀[38;2;120;208;112;48;2;184;240;120m▀[48;2;8;8;8m [38;2;48;48;72;48;2;184;240;120m▀[48;2;48;88;80m▀[48;2;96;192;104m [48;2;8;8;8m [38;2;8;8;8;48;2;48;88;80m▀[38;2;48;88;80;48;2;8;8;8m▀[48;2;48;88;80m   [38;2;72;136;96m▀▀▀▀   [38;2;8;8;8m▀[0m[38;2;8;8;8m▄▄▄▄▄[48;2;120;208;112m▀[48;2;96;192;104m [38;2;88;160;96;48;2;72;136;96m▀   [38;2;72;136;96;48;2;56;112;80m▀[38;2;56;112;80;48;2;88;160;96m▀[38;2;88;160;96;48;2;72;136;96m▀  [48;2;8;8;8m [0m       
    [38;2;48;48;72m▄[48;2;48;48;72m [48;2;56;112;80m [38;2;72;136;96;48;2;184;240;120m▀[48;2;8;8;8m [38;2;184;240;120;48;2;120;208;112m▀[48;2;8;8;8m [48;2;56;112;80m [38;2;56;112;80;48;2;48;88;80m▀[48;2;96;192;104m [48;2;8;8;8m [48;2;56;112;80m [48;2;48;88;80m▀[48;2;96;192;104m [48;2;8;8;8m [48;2;48;48;72m▀ [48;2;8;8;8m [48;2;96;192;104m [38;2;96;192;104;48;2;48;88;80m▀▀▀[48;2;96;192;104m          [38;2;48;48;72;48;2;120;208;112m▀[48;2;96;192;104m [38;2;88;160;96;48;2;72;136;96m▀   [38;2;72;136;96;48;2;56;112;80m▀[38;2;56;112;80;48;2;88;160;96m▀[38;2;88;160;96;48;2;72;136;96m▀   [38;2;8;8;8;48;2;48;88;80m▀[0m[38;2;8;8;8m▄[0m      
   [38;2;48;48;72m▄[48;2;48;48;72m [48;2;56;112;80m [38;2;72;136;96;48;2;184;240;120m▀[38;2;184;240;120;48;2;88;160;96m▀[38;2;8;8;8;48;2;48;48;72m▀[48;2;120;208;112m [48;2;8;8;8m [48;2;48;64;72m  [48;2;96;192;104m [48;2;8;8;8m [48;2;48;64;72m  [48;2;96;192;104m [48;2;8;8;8m [48;2;48;48;72m  [48;2;8;8;8m [48;2;96;192;104m  [38;2;48;88;80m▀▀▀           [38;2;56;112;80m▀[38;2;48;88;80m▀▀▀▀▀▀▀▀▀[38;2;56;112;80m▀[38;2;88;160;96m▀[38;2;8;8;8;48;2;88;160;96m▀[0m[38;2;8;8;8m▄[0m    
   [48;2;48;48;72m  [48;2;72;136;96m [38;2;120;208;112m▀[38;2;72;136;96;48;2;56;112;80m▀[48;2;8;8;8m [48;2;120;208;112m [48;2;8;8;8m [48;2;48;64;72m  [48;2;96;192;104m [48;2;8;8;8m [48;2;48;64;72m  [48;2;96;192;104m [38;2;96;192;104;48;2;72;136;96m▀[38;2;8;8;8;48;2;96;192;104m▀[48;2;120;208;112m▀[38;2;120;208;112;48;2;8;8;8m▀▀▀[38;2;96;192;104m▀▀▀▀▀[48;2;48;88;80m▀[48;2;96;192;104m [48;2;120;208;112m▀▀▀▀▀▀▀▀▀▀▀▀▀▀▀▀▀▀[48;2;96;192;104m [48;2;88;160;96m▀[48;2;8;8;8m [0m    
  [48;2;48;48;72m  [38;2;48;48;72;48;2;48;64;72m▀[38;2;56;112;80m▀▀[48;2;48;48;72m [48;2;8;8;8m [48;2;120;208;112m [38;2;8;8;8;48;2;96;192;104m▀[38;2;48;64;72;48;2;8;8;8m▀[48;2;184;240;120m▀[48;2;96;192;104m [38;2;8;8;8m▀[38;2;48;64;72;48;2;8;8;8m▀[48;2;184;240;120m▀[48;2;72;136;96m [38;2;96;192;104;48;2;184;240;120m▀[38;2;120;208;112;48;2;8;8;8m▀[38;2;8;8;8;48;2;96;192;104m▀[38;2;120;208;112;48;2;184;240;120m▀[38;2;96;192;104;48;2;120;208;112m▀[48;2;96;192;104m     [38;2;88;160;96m▀▀[38;2;8;8;8;48;2;88;160;96m▀[38;2;88;160;96;48;2;8;8;8m▀[48;2;88;160;96m  [48;2;48;88;80m▀[38;2;8;8;8;48;2;120;208;112m▀▀[48;2;96;192;104m▀▀[48;2;72;136;96m▀[48;2;96;192;104m▀[48;2;72;136;96m▀[38;2;88;160;96;48;2;8;8;8m▀[48;2;88;160;96m   [48;2;120;208;112m▀[48;2;96;192;104m▀▀▀▀▀[38;2;8;8;8;48;2;88;160;96m▀[0m[38;2;8;8;8m▄[0m  
 [38;2;48;48;72m▄[48;2;8;8;8m▀[48;2;48;64;72m▀    [48;2;8;8;8m [38;2;120;208;112;48;2;96;192;104m▀[38;2;96;192;104;48;2;72;136;96m▀▀▀▀▀▀▀ [48;2;184;240;120m [48;2;8;8;8m [48;2;96;192;104m [48;2;48;48;72m [38;2;184;240;120;48;2;8;8;8m▀[38;2;120;208;112;48;2;248;248;248m▀[38;2;96;192;104;48;2;120;208;112m▀▀▀▀▀▀▀[48;2;88;160;96m [38;2;8;8;8m▀[38;2;48;88;80;48;2;8;8;8m▀[38;2;96;192;104;48;2;88;160;96m▀[38;2;120;208;112;48;2;96;192;104m▀[48;2;120;208;112m  [38;2;96;192;104;48;2;184;240;120m▀▀[38;2;72;136;96;48;2;120;208;112m▀[38;2;96;192;104;48;2;72;136;96m▀[38;2;72;136;96;48;2;120;208;112m▀[38;2;8;8;8;48;2;72;136;96m▀[38;2;88;160;96;48;2;8;8;8m▀[48;2;88;160;96m [38;2;120;208;112;48;2;48;88;80m▀[38;2;184;240;120;48;2;120;208;112m▀[38;2;96;192;104;48;2;184;240;120m▀[48;2;96;192;104m    [38;2;88;160;96m▀[38;2;8;8;8;48;2;88;160;96m▀[0m[38;2;8;8;8m▄[0m
 [48;2;48;48;72m [38;2;96;192;104;48;2;88;160;96m▀[38;2;8;8;8;48;2;120;208;112m▀[38;2;48;64;72;48;2;8;8;8m▀▀▀[38;2;8;8;8;48;2;184;240;120m▀[38;2;184;240;120;48;2;120;208;112m▀[38;2;120;208;112;48;2;88;160;96m▀[38;2;72;136;96;48;2;120;208;112m▀[38;2;120;208;112;48;2;96;192;104m▀▀▀▀▀▀[38;2;72;136;96;48;2;48;88;80m▀[38;2;96;192;104;48;2;88;160;96m▀[48;2;8;8;8m [48;2;96;192;104m [48;2;48;48;72m [48;2;8;8;8m [48;2;184;240;120m [38;2;184;240;120;48;2;96;192;104m▀[38;2;88;160;96;48;2;72;136;96m▀[38;2;96;192;104m▀[38;2;72;136;96;48;2;48;48;72m▀[38;2;8;8;8;48;2;96;192;104m▀▀▀▀▀▀▀▀[48;2;88;160;96m▀[38;2;48;88;80m▀[38;2;120;208;112;48;2;8;8;8m▀[48;2;88;160;96m  [48;2;48;88;80m [38;2;88;160;96m▀[38;2;72;136;96;48;2;8;8;8m▀ [38;2;88;160;96m▀▀[38;2;48;88;80m▀[38;2;120;208;112;48;2;48;88;80m▀[38;2;184;240;120;48;2;120;208;112m▀[38;2;96;192;104;48;2;184;240;120m▀[48;2;120;208;112m▀[48;2;96;192;104m   [48;2;8;8;8m [0m
[48;2;48;48;72m [38;2;96;192;104;48;2;184;240;120m▀[48;2;120;208;112m [38;2;88;160;96m▀[38;2;120;208;112;48;2;88;160;96m▀▀▀▀[38;2;88;160;96;48;2;120;208;112m▀[38;2;120;208;112;48;2;96;192;104m▀       [38;2;8;8;8;48;2;88;160;96m▀[38;2;56;112;80;48;2;8;8;8m▀ [48;2;96;192;104m [48;2;48;48;72m [48;2;8;8;8m [38;2;120;208;112;48;2;184;240;120m▀[48;2;96;192;104m [48;2;48;88;80m [38;2;48;48;72;48;2;8;8;8m▀[48;2;96;192;104m [38;2;88;160;96;48;2;48;48;72m▀[38;2;184;240;120;48;2;88;160;96m▀[38;2;120;208;112;48;2;184;240;120m▀[38;2;96;192;104;48;2;120;208;112m▀[48;2;96;192;104m      [38;2;88;160;96m▀[38;2;8;8;8;48;2;88;160;96m▀[38;2;88;160;96;48;2;8;8;8m▀[38;2;48;88;80;48;2;96;192;104m▀[48;2;120;208;112m  [38;2;96;192;104m▀[48;2;96;192;104m [38;2;72;136;96m▀[38;2;96;192;104;48;2;72;136;96m▀[38;2;72;136;96;48;2;96;192;104m▀[38;2;8;8;8;48;2;72;136;96m▀[48;2;8;8;8m [38;2;88;160;96;48;2;48;88;80m▀[38;2;184;240;120;48;2;8;8;8m▀[38;2;88;160;96m▀▀[0m[38;2;8;8;8m▀[0m
[48;2;8;8;8m [48;2;120;208;112m [38;2;184;240;120m▀[38;2;120;208;112;48;2;184;240;120m▀▀[38;2;184;240;120;48;2;120;208;112m▀  [38;2;88;160;96m▀[38;2;96;192;104;48;2;88;160;96m▀[48;2;120;208;112m▀▀▀▀▀▀▀[48;2;96;192;104m [38;2;88;160;96m▀[48;2;8;8;8m [48;2;96;192;104m [38;2;48;48;72;48;2;48;64;72m▀[48;2;8;8;8m [38;2;120;208;112;48;2;96;192;104m▀ [48;2;48;88;80m [48;2;8;8;8m [48;2;96;192;104m [48;2;48;48;72m  [38;2;88;160;96m▀[38;2;184;240;120;48;2;88;160;96m▀[38;2;120;208;112;48;2;248;248;248m▀[48;2;120;208;112m  [48;2;96;192;104m▀▀▀▀▀[48;2;88;160;96m [38;2;8;8;8;48;2;48;88;80m▀[38;2;96;192;104;48;2;72;136;96m▀[38;2;120;208;112;48;2;96;192;104m▀[48;2;184;240;120m▀[38;2;184;240;120;48;2;120;208;112m▀[48;2;88;160;96m▀[38;2;120;208;112m▀[38;2;72;136;96;48;2;48;88;80m▀[38;2;120;208;112;48;2;72;136;96m▀ [48;2;8;8;8m [48;2;48;88;80m  [38;2;8;8;8m▀[0m[38;2;8;8;8m▄[0m
[48;2;8;8;8m [48;2;120;208;112m  [38;2;184;240;120m▀▀▀▀   [38;2;88;160;96m▀▀▀▀▀▀▀▀▀[48;2;8;8;8m [48;2;96;192;104m [48;2;48;64;72m [48;2;8;8;8m [38;2;96;192;104;48;2;88;160;96m▀[38;2;88;160;96;48;2;72;136;96m▀[48;2;48;88;80m [48;2;8;8;8m [48;2;96;192;104m [48;2;48;48;72m   [48;2;8;8;8m [48;2;184;240;120m [48;2;96;192;104m [48;2;88;160;96m    [48;2;72;136;96m▀▀▀  [48;2;96;192;104m [38;2;120;208;112;48;2;88;160;96m▀ [38;2;88;160;96;48;2;72;136;96m▀▀[48;2;48;88;80m [48;2;72;136;96m  [48;2;8;8;8m [48;2;48;88;80m  [48;2;48;64;72m [48;2;8;8;8m [0m
[48;2;8;8;8m [48;2;120;208;112m   [38;2;120;208;112;48;2;96;192;104m▀  ▀ ▀ ▀ ▀ ▀ ▀ [38;2;8;8;8;48;2;56;112;80m▀[38;2;88;160;96;48;2;8;8;8m▀[38;2;48;88;80;48;2;88;160;96m▀[38;2;8;8;8;48;2;48;88;80m▀[38;2;88;160;96;48;2;72;136;96m▀[38;2;56;112;80;48;2;48;88;80m▀[38;2;48;88;80;48;2;48;64;72m▀[48;2;8;8;8m [48;2;96;192;104m [48;2;48;48;72m   [48;2;8;8;8m [38;2;120;208;112;48;2;184;240;120m▀[48;2;96;192;104m [48;2;88;160;96m  [38;2;88;160;96;48;2;184;240;120m▀[38;2;48;88;80m▀[48;2;120;208;112m▀[48;2;96;192;104m▀▀▀[38;2;72;136;96m▀▀[38;2;48;88;80m▀▀▀▀▀[48;2;88;160;96m▀[38;2;8;8;8m▀[48;2;8;8;8m [48;2;48;64;72m   [48;2;8;8;8m [0m
[48;2;8;8;8m [38;2;120;208;112;48;2;96;192;104m▀[48;2;120;208;112m  [48;2;96;192;104m              [38;2;96;192;104;48;2;88;160;96m▀ [38;2;48;88;80;48;2;56;112;80m▀[38;2;8;8;8;48;2;48;88;80m▀[38;2;96;192;104;48;2;8;8;8m▀[38;2;48;88;80m▀[38;2;48;64;72m▀▀ [48;2;96;192;104m [48;2;48;48;72m   [48;2;8;8;8m [48;2;120;208;112m [48;2;96;192;104m [48;2;88;160;96m  [38;2;88;160;96;48;2;72;136;96m▀[38;2;96;192;104;48;2;88;160;96m▀[38;2;184;240;120m▀[48;2;96;192;104m▀[38;2;120;208;112;48;2;184;240;120m▀[38;2;96;192;104m▀[48;2;120;208;112m▀[48;2;96;192;104m       [38;2;88;160;96m▀[38;2;48;88;80;48;2;88;160;96m▀[48;2;8;8;8m [38;2;48;64;72m▀[0m[38;2;8;8;8m▀[0m 
[48;2;8;8;8m [48;2;72;136;96m [48;2;96;192;104m [38;2;120;208;112m▀ [38;2;96;192;104;48;2;88;160;96m▀              [48;2;72;136;96m [38;2;48;88;80;48;2;56;112;80m▀[38;2;48;64;72;48;2;48;88;80m▀[48;2;48;64;72m   [48;2;8;8;8m [48;2;96;192;104m [48;2;48;64;72m [48;2;48;48;72m  [48;2;8;8;8m [38;2;120;208;112;48;2;96;192;104m▀ [38;2;72;136;96;48;2;56;112;80m▀▀[38;2;48;88;80m▀[38;2;8;8;8;48;2;48;88;80m▀[38;2;72;136;96;48;2;48;64;72m▀[38;2;88;160;96;48;2;8;8;8m▀▀[38;2;8;8;8;48;2;120;208;112m▀[38;2;120;208;112;48;2;248;248;248m▀[38;2;88;160;96;48;2;184;240;120m▀▀[48;2;120;208;112m▀▀▀▀▀▀▀[48;2;88;160;96m [48;2;8;8;8m [0m  
 [48;2;8;8;8m [48;2;72;136;96m [38;2;96;192;104m▀[48;2;88;160;96m▀[38;2;88;160;96;48;2;72;136;96m▀                [48;2;56;112;80m [38;2;48;64;72;48;2;48;88;80m▀[48;2;48;64;72m  [48;2;8;8;8m [38;2;96;192;104;48;2;88;160;96m▀[38;2;48;64;72;48;2;56;112;80m▀[48;2;48;64;72m [38;2;48;48;72m▀[48;2;8;8;8m [48;2;88;160;96m [38;2;96;192;104m▀[48;2;56;112;80m [38;2;56;112;80;48;2;48;88;80m▀  [48;2;48;64;72m [38;2;48;64;72;48;2;48;48;72m▀[38;2;8;8;8m▀[38;2;88;160;96;48;2;8;8;8m▀[38;2;120;208;112m▀[38;2;88;160;96m▀▀▀▀▀▀▀▀▀▀[0m[38;2;8;8;8m▀[0m  
  [38;2;8;8;8m▀[38;2;48;88;80;48;2;8;8;8m▀[38;2;72;136;96;48;2;48;88;80m▀▀[48;2;56;112;80m                 [48;2;48;88;80m  [48;2;48;64;72m  [38;2;8;8;8m▀[38;2;88;160;96;48;2;8;8;8m▀[38;2;56;112;80;48;2;88;160;96m▀[38;2;8;8;8m▀[48;2;96;192;104m▀[38;2;88;160;96;48;2;56;112;80m▀ [38;2;56;112;80;48;2;48;48;72m▀[38;2;48;64;72m▀ [38;2;48;48;72;48;2;8;8;8m▀▀[38;2;8;8;8;48;2;48;64;72m▀[38;2;48;48;72m▀       [38;2;48;64;72;48;2;8;8;8m▀[0m[38;2;8;8;8m▀[0m      
    [38;2;8;8;8m▀[38;2;48;88;80m▀[38;2;48;64;72;48;2;8;8;8m▀▀▀▀▀▀▀▀▀▀▀▀▀▀▀[38;2;56;112;80;48;2;48;64;72m▀[48;2;48;88;80m▀   [48;2;48;64;72m   [38;2;8;8;8m▀▀ ▀▀▀▀▀       [38;2;48;64;72;48;2;8;8;8m▀▀[0m[38;2;8;8;8m▀▀[0m        
                     [38;2;8;8;8m▀[38;2;48;64;72;48;2;8;8;8m▀[38;2;48;88;80m▀[48;2;48;64;72m▀▀[48;2;48;88;80m [48;2;48;64;72m         [38;2;48;64;72;48;2;8;8;8m▀▀▀▀[0m[38;2;8;8;8m▀▀▀▀[0m            
                        [38;2;8;8;8m▀▀▀▀▀▀▀▀▀▀▀▀[0m                    
