               [38;2;8;8;8m▄[48;2;96;144;128m▀[48;2;144;192;152m▀▀▀▀▀[48;2;48;104;96m▀[0m[38;2;8;8;8m▄[0m                    
              [48;2;8;8;8m [38;2;96;144;128;48;2;144;192;152m▀[48;2;248;240;240m [38;2;168;248;176m▀[38;2;144;192;152;48;2;168;248;176m▀▀▀[48;2;144;192;152m [48;2;96;144;128m▀[48;2;48;104;96m [48;2;8;8;8m [0m                   
             [38;2;8;8;8m▄[48;2;8;8;8m [48;2;144;192;152m  [38;2;168;248;176m▀[38;2;48;104;96m▀ [48;2;96;144;128m   [48;2;48;104;96m [48;2;8;8;8m [0m                   
            [38;2;8;8;8m▄[48;2;96;144;128m▀[38;2;48;104;96;48;2;168;248;176m▀[38;2;96;144;128;48;2;144;192;152m▀ [38;2;144;192;152;48;2;96;144;128m▀▀[48;2;48;104;96m▀[38;2;96;144;128m▀▀  [38;2;8;8;8m▀[0m[38;2;8;8;8m▄[0m                  
             [38;2;8;8;8m▀[38;2;144;192;152;48;2;8;8;8m▀[38;2;168;248;176m▀▀▀[38;2;144;192;152m▀[48;2;168;248;176m▀[48;2;144;192;152m [38;2;96;144;128m▀[48;2;96;144;128m [38;2;48;104;96m▀[48;2;48;104;96m [48;2;8;8;8m [0m                  
              [48;2;8;8;8m  [48;2;240;152;88m [38;2;8;8;8;48;2;248;208;144m▀[38;2;248;208;144;48;2;240;152;88m▀[38;2;8;8;8;48;2;144;80;48m▀[38;2;168;248;176;48;2;8;8;8m▀[38;2;144;192;152m▀▀[38;2;48;104;96m▀ [0m                   
             [38;2;8;8;8m▄[48;2;48;48;48m▀[38;2;48;104;96;48;2;96;144;128m▀[38;2;144;80;48;48;2;8;8;8m▀[38;2;240;152;88m▀[38;2;144;80;48m▀ [38;2;8;8;8;48;2;48;104;96m▀[38;2;48;48;48;48;2;144;192;152m▀[48;2;96;144;128m [38;2;168;248;176;48;2;48;104;96m▀[38;2;48;104;96;48;2;144;192;152m▀[38;2;8;8;8;48;2;96;144;128m▀[0m[38;2;8;8;8m▄[0m                 
           [38;2;8;8;8m▄[48;2;240;152;88m▀[38;2;48;48;48m▀[38;2;48;104;96;48;2;8;8;8m▀[48;2;48;48;48m▀[38;2;48;48;48;48;2;96;144;128m▀[48;2;48;104;96m▀▀[38;2;48;104;96;48;2;144;192;152m▀[38;2;96;144;128m▀[38;2;144;192;152;48;2;96;144;128m▀[38;2;48;104;96;48;2;48;48;48m▀[48;2;96;144;128m [48;2;144;192;152m [48;2;168;248;176m [48;2;8;8;8m [0m                 
         [38;2;0;0;0m▄[48;2;168;232;120m▀[38;2;8;8;8;48;2;120;200;104m▀[38;2;240;152;88;48;2;8;8;8m▀[38;2;144;80;48m▀ [48;2;48;48;48m [38;2;96;144;128;48;2;48;104;96m▀ [38;2;48;104;96;48;2;96;144;128m▀   [48;2;8;8;8m [38;2;96;144;128;48;2;48;104;96m▀[38;2;144;192;152;48;2;96;144;128m▀▀[48;2;8;8;8m [0m                 
        [38;2;0;0;0m▄[48;2;120;200;104m▀[38;2;72;144;88m▀[38;2;168;232;120;48;2;72;144;88m▀[38;2;120;200;104;48;2;168;232;120m▀[38;2;0;0;0;48;2;120;200;104m▀[48;2;0;0;0m [38;2;48;104;96m▀[48;2;48;104;96m [48;2;96;144;128m▀[48;2;8;8;8m▀[38;2;8;8;8;48;2;248;208;144m▀▀[48;2;96;144;128m▀[38;2;144;192;152;48;2;168;248;176m▀[38;2;168;248;176;48;2;144;192;152m▀[38;2;96;144;128;48;2;48;104;96m▀[48;2;8;8;8m [0m[38;2;8;8;8m▀[0m                 
[38;2;0;0;0m▄▄▄▄▄▄▄▄[48;2;64;112;88m▀[38;2;64;112;88;48;2;120;200;104m▀▀[38;2;120;200;104;48;2;64;112;88m▀[38;2;72;144;88;48;2;120;200;104m▀[38;2;168;232;120;48;2;72;144;88m▀[38;2;120;200;104;48;2;168;232;120m▀[38;2;0;0;0;48;2;120;200;104m▀[48;2;72;144;88m▀▀[38;2;8;8;8;48;2;48;104;96m▀[38;2;248;208;144;48;2;8;8;8m▀[38;2;240;152;88m▀[38;2;144;80;48m▀[38;2;8;8;8;48;2;72;144;88m▀[38;2;48;104;96;48;2;120;200;104m▀[38;2;8;8;8;48;2;0;0;0m▀[0m                   
[48;2;0;0;0m [38;2;248;248;248m▀[38;2;72;72;72m▀[38;2;128;120;112m▀▀▀[48;2;56;48;56m [38;2;120;200;104;48;2;64;112;88m▀[38;2;64;112;88;48;2;40;72;64m▀[38;2;120;200;104;48;2;72;144;88m▀▀[38;2;40;72;64;48;2;64;112;88m▀[48;2;120;200;104m  [38;2;248;248;248;48;2;168;232;120m▀[48;2;72;144;88m▀[48;2;40;72;64m▀[38;2;168;232;120m▀[48;2;64;112;88m▀[48;2;40;72;64m▀▀[48;2;64;112;88m▀[38;2;120;200;104;48;2;40;72;64m▀[38;2;168;232;120m▀[38;2;120;200;104;48;2;72;144;88m▀[48;2;0;0;0m [0m                  
 [38;2;0;0;0m▄▄▄▄[48;2;0;0;0m [48;2;168;232;120m▀[48;2;120;200;104m▀[48;2;0;0;0m [48;2;72;144;88m▀[38;2;40;72;64m▀ [48;2;120;200;104m [38;2;120;200;104;48;2;168;232;120m▀[38;2;168;232;120;48;2;72;144;88m▀[48;2;40;72;64m [38;2;248;248;248;48;2;72;144;88m▀[38;2;0;0;0m▀[48;2;0;0;0m [38;2;168;232;120;48;2;72;144;88m▀[38;2;0;0;0m▀[48;2;0;0;0m [38;2;168;232;120;48;2;72;144;88m▀[38;2;0;0;0m▀[38;2;72;144;88;48;2;0;0;0m▀ [38;2;0;0;0;48;2;120;200;104m▀▀▀▀▀▀▀▀[0m[38;2;0;0;0m▄[0m         
 [48;2;0;0;0m [38;2;248;240;160;48;2;240;184;56m▀[38;2;72;144;88;48;2;64;112;88m▀[48;2;0;0;0m [48;2;120;200;104m  [38;2;168;232;120m▀[38;2;120;200;104;48;2;168;232;120m▀[38;2;0;0;0;48;2;120;200;104m▀[38;2;72;144;88;48;2;0;0;0m▀[48;2;120;200;104m [38;2;120;200;104;48;2;168;232;120m▀[38;2;168;232;120;48;2;72;144;88m▀ [38;2;0;0;0m▀[38;2;72;144;88;48;2;0;0;0m▀[48;2;120;200;104m [48;2;0;0;0m ▀[48;2;120;200;104m [48;2;0;0;0m ▀[48;2;120;200;104m [48;2;0;0;0m  [48;2;72;144;88m  [48;2;120;200;104m▀▀▀▀▀▀▀[38;2;0;0;0m▀[0m[38;2;0;0;0m▄[0m       
 [38;2;0;0;0m▄[48;2;72;144;88m▀▀ [48;2;120;200;104m [38;2;248;240;160m▀[38;2;120;200;104;48;2;248;240;160m▀[48;2;120;200;104m [38;2;168;232;120m▀[38;2;120;200;104;48;2;168;232;120m▀[38;2;0;0;0;48;2;120;200;104m▀[38;2;168;232;120;48;2;0;0;0m▀[48;2;72;144;88m   [38;2;0;0;0m▀▀ ▀▀ ▀▀ [48;2;0;0;0m [48;2;72;144;88m   [48;2;120;200;104m        ▀[0m[38;2;0;0;0m▄[0m     
[38;2;0;0;0m▀[38;2;72;144;88;48;2;0;0;0m▀[38;2;168;232;120;48;2;72;144;88m▀[38;2;120;200;104;48;2;168;232;120m▀[48;2;120;200;104m [48;2;0;0;0m [38;2;0;0;0;48;2;248;248;248m▀[38;2;40;72;64;48;2;120;200;104m▀[38;2;248;240;160;48;2;0;0;0m▀[48;2;40;72;64m [48;2;120;200;104m [38;2;168;232;120m▀[38;2;72;144;88;48;2;248;248;248m▀[38;2;0;0;0m▀[48;2;168;232;120m▀▀▀▀▀▀▀▀▀▀▀▀▀[38;2;64;112;88m▀[38;2;72;144;88m▀[48;2;120;200;104m▀[48;2;72;144;88m [48;2;120;200;104m▀▀▀▀▀▀▀▀[38;2;0;0;0m▀[0m[38;2;0;0;0m▄[0m   
 [38;2;0;0;0m▀[38;2;72;144;88;48;2;0;0;0m▀[48;2;72;144;88m [38;2;168;232;120m▀[38;2;0;0;0;48;2;168;232;120m▀[38;2;248;240;160;48;2;0;0;0m▀[48;2;72;144;88m [38;2;0;0;0;48;2;64;112;88m▀[48;2;120;200;104m  [38;2;248;248;248;48;2;168;232;120m▀[48;2;120;200;104m      [38;2;120;200;104;48;2;72;144;88m▀▀[48;2;120;200;104m   [48;2;72;144;88m▀▀[48;2;120;200;104m     [38;2;64;112;88m▀[38;2;72;144;88;48;2;64;112;88m▀[38;2;168;232;120;48;2;72;144;88m▀▀▀▀▀▀▀▀▀[38;2;0;0;0m▀[0m[38;2;0;0;0m▄[0m 
  [38;2;0;0;0m▀[48;2;0;0;0m [38;2;72;144;88m▀[48;2;72;144;88m [38;2;168;232;120m▀[38;2;0;0;0;48;2;168;232;120m▀[38;2;64;112;88;48;2;120;200;104m▀ [48;2;168;232;120m [48;2;120;200;104m      [38;2;72;144;88m▀[38;2;168;232;120m▀[48;2;72;144;88m▀ [38;2;120;200;104m▀[38;2;72;144;88;48;2;120;200;104m▀[38;2;168;232;120m▀[48;2;72;144;88m▀ [38;2;120;200;104m▀[48;2;120;200;104m     [38;2;64;112;88m▀[38;2;72;144;88;48;2;64;112;88m▀▀▀▀ [38;2;64;112;88;48;2;72;144;88m▀[38;2;72;144;88;48;2;64;112;88m▀▀▀[48;2;0;0;0m [0m 
   [48;2;0;0;0m [48;2;72;144;88m [48;2;0;0;0m [38;2;72;144;88m▀[48;2;72;144;88m [38;2;168;232;120m▀[38;2;248;248;248m▀▀▀[38;2;168;232;120m▀▀▀▀▀[38;2;120;200;104m▀[38;2;168;232;120m▀▀▀▀▀▀▀▀▀[38;2;120;200;104m▀▀▀▀▀▀▀▀▀▀ [38;2;64;112;88m▀▀ [38;2;120;200;104m▀[48;2;0;0;0m [0m 
    [48;2;0;0;0m   [38;2;0;0;0;48;2;72;144;88m▀[38;2;72;144;88;48;2;0;0;0m▀[48;2;72;144;88m     [48;2;0;0;0m▀  ▀[48;2;72;144;88m     [48;2;0;0;0m▀    ▀[48;2;72;144;88m     [48;2;0;0;0m     ▀[48;2;120;200;104m▀[48;2;72;144;88m [48;2;0;0;0m [0m 
    [48;2;0;0;0m   [38;2;72;144;88m▀ ▀[48;2;72;144;88m  [48;2;0;0;0m▀ [38;2;0;0;0;48;2;56;48;56m▀▀▀[48;2;0;0;0m  [38;2;120;200;104m▀[38;2;72;144;88;48;2;120;200;104m▀[48;2;0;0;0m▀ [38;2;0;0;0;48;2;56;48;56m▀▀▀[48;2;0;0;0m    [38;2;120;200;104m▀[38;2;72;144;88;48;2;120;200;104m▀[48;2;0;0;0m▀ [38;2;0;0;0;48;2;56;48;56m▀▀▀[48;2;0;0;0m    [38;2;72;144;88;48;2;120;200;104m▀[48;2;0;0;0m [0m 
    [38;2;56;48;56m▀[48;2;0;0;0m        [38;2;0;0;0;48;2;208;200;184m▀[38;2;72;72;72;48;2;128;120;112m▀▀▀▀[38;2;0;0;0;48;2;72;72;72m▀[48;2;0;0;0m   [48;2;128;120;112m▀[38;2;72;72;72;48;2;208;200;184m▀[48;2;128;120;112m▀▀▀[38;2;0;0;0;48;2;72;72;72m▀[48;2;0;0;0m     [48;2;128;120;112m▀[38;2;72;72;72;48;2;208;200;184m▀[48;2;128;120;112m▀▀▀[38;2;0;0;0;48;2;72;72;72m▀[48;2;0;0;0m  [0m[38;2;0;0;0m▀▀[0m 
  [38;2;56;48;56m▀[38;2;0;0;0;48;2;56;48;56m▀[48;2;0;0;0m        [38;2;208;200;184;48;2;128;120;112m▀[38;2;128;120;112;48;2;72;72;72m▀[38;2;72;72;72;48;2;0;0;0m▀[38;2;0;0;0;48;2;120;200;104m▀▀[38;2;72;72;72;48;2;0;0;0m▀[38;2;128;120;112;48;2;72;72;72m▀[38;2;72;72;72;48;2;128;120;112m▀[48;2;0;0;0m [38;2;208;200;184;48;2;128;120;112m▀[38;2;128;120;112;48;2;72;72;72m▀[38;2;72;72;72;48;2;0;0;0m▀[38;2;0;0;0;48;2;120;200;104m▀▀[38;2;72;72;72;48;2;0;0;0m▀[38;2;128;120;112;48;2;72;72;72m▀[38;2;72;72;72;48;2;128;120;112m▀[48;2;0;0;0m   [38;2;208;200;184;48;2;128;120;112m▀[38;2;128;120;112;48;2;72;72;72m▀[38;2;72;72;72;48;2;0;0;0m▀[38;2;0;0;0;48;2;120;200;104m▀▀[38;2;72;72;72;48;2;0;0;0m▀[38;2;128;120;112;48;2;72;72;72m▀[38;2;72;72;72;48;2;128;120;112m▀[48;2;0;0;0m [0m   
    [38;2;56;48;56m▀[38;2;0;0;0;48;2;56;48;56m▀[48;2;0;0;0m      [48;2;72;72;72m [48;2;0;0;0m [38;2;120;200;104;48;2;72;144;88m▀[48;2;64;112;88m [48;2;72;144;88m [38;2;64;112;88m▀[48;2;0;0;0m [38;2;72;72;72;48;2;128;120;112m▀[48;2;0;0;0m [48;2;72;72;72m [48;2;0;0;0m [38;2;120;200;104;48;2;72;144;88m▀[48;2;64;112;88m [48;2;72;144;88m [38;2;64;112;88m▀[48;2;0;0;0m [38;2;72;72;72;48;2;128;120;112m▀[48;2;0;0;0m   [48;2;72;72;72m [48;2;0;0;0m [38;2;120;200;104;48;2;72;144;88m▀[48;2;64;112;88m [48;2;72;144;88m [38;2;64;112;88m▀[48;2;0;0;0m [38;2;72;72;72;48;2;128;120;112m▀[48;2;0;0;0m [0m   
      [38;2;56;48;56m▀[38;2;0;0;0;48;2;56;48;56m▀[48;2;0;0;0m    [38;2;128;120;112m▀[38;2;72;72;72;48;2;128;120;112m▀[38;2;0;0;0;48;2;72;72;72m▀[38;2;72;144;88;48;2;0;0;0m▀[38;2;64;112;88m▀[38;2;0;0;0;48;2;72;72;72m▀[38;2;72;72;72;48;2;128;120;112m▀[38;2;128;120;112;48;2;0;0;0m▀ ▀[38;2;72;72;72;48;2;128;120;112m▀[38;2;0;0;0;48;2;72;72;72m▀[38;2;72;144;88;48;2;0;0;0m▀[38;2;64;112;88m▀[38;2;0;0;0;48;2;72;72;72m▀[38;2;72;72;72;48;2;128;120;112m▀[38;2;128;120;112;48;2;0;0;0m▀   ▀[38;2;72;72;72;48;2;128;120;112m▀[38;2;0;0;0;48;2;72;72;72m▀[38;2;72;144;88;48;2;0;0;0m▀[38;2;64;112;88m▀[38;2;0;0;0;48;2;72;72;72m▀[38;2;72;72;72;48;2;128;120;112m▀[38;2;128;120;112;48;2;0;0;0m▀ [0m[38;2;56;48;56m▄[0m  
        [38;2;56;48;56m▀[38;2;0;0;0;48;2;56;48;56m▀[48;2;0;0;0m    [38;2;128;120;112m▀▀[38;2;72;72;72m▀[38;2;128;120;112m▀     ▀▀[38;2;72;72;72m▀[38;2;128;120;112m▀       ▀▀[38;2;72;72;72m▀[38;2;128;120;112m▀    [38;2;56;48;56m▀[0m[38;2;56;48;56m▄[0m
