                   [38;2;208;200;184m▄▄▄▄▄▄▄[48;2;255;255;255m▀▀▀▀▀▀▀▀▀▀▀▀▀▀▀[48;2;208;200;184m  [38;2;248;248;248m▀[0m[38;2;208;200;184m▄▄▄[38;2;248;248;248m▄[0m             
        [38;2;208;200;184m▄▄▄▄[48;2;255;255;255m▀▀▀▀▀▀▀     [38;2;128;120;112m▀▀[38;2;255;255;255;48;2;0;0;0m▀[48;2;255;255;255m         [48;2;208;200;184m▀▀[48;2;255;255;255m [38;2;208;200;184m▀▀▀▀▀   ▀▀▀[38;2;248;248;248;48;2;208;200;184m▀[0m[38;2;208;200;184m▄[38;2;248;248;248m▄[0m        
    [38;2;248;248;248m▄[38;2;208;200;184m▄[48;2;208;200;184m [48;2;255;255;255m▀▀              [38;2;255;255;255;48;2;0;0;0m▀ [38;2;0;0;0;48;2;168;232;120m▀[38;2;72;144;88;48;2;120;200;104m▀[38;2;0;0;0;48;2;72;144;88m▀[48;2;0;0;0m [48;2;208;200;184m▀▀[38;2;255;255;255m▀[48;2;255;255;255m [38;2;208;200;184m▀▀                ▀[48;2;208;200;184m [48;2;248;248;248m [38;2;0;0;0;48;2;208;200;184m▀▀[48;2;120;200;104m▀▀▀[48;2;72;144;88m▀[0m[38;2;0;0;0m▄[0m
 [38;2;248;248;248m▄[48;2;208;200;184m▀ [38;2;208;200;184;48;2;255;255;255m▀               [38;2;255;255;255;48;2;208;200;184m▀[38;2;40;72;64m▀[38;2;0;0;0;48;2;128;120;112m▀[38;2;208;200;184;48;2;0;0;0m▀    [38;2;0;0;0;48;2;255;255;255m▀▀▀                   [38;2;255;255;255;48;2;208;200;184m▀[38;2;208;200;184;48;2;248;248;248m▀ [48;2;72;144;88m▀[38;2;64;112;88m▀▀[38;2;208;200;184m▀▀[38;2;64;112;88;48;2;208;200;184m▀[48;2;72;144;88m [48;2;0;0;0m [0m
[48;2;248;248;248m [48;2;208;200;184m  [48;2;255;255;255m           [38;2;255;255;255;48;2;208;200;184m▀▀[48;2;255;255;255m [38;2;208;200;184m▀▀      [38;2;255;255;255;48;2;0;0;0m▀ ▀[48;2;255;255;255m                  [48;2;208;200;184m▀▀[38;2;208;200;184;48;2;255;255;255m▀[48;2;0;0;0m▀[38;2;248;248;248;48;2;208;200;184m▀[38;2;168;232;120;48;2;120;200;104m▀[38;2;120;200;104;48;2;64;112;88m▀[38;2;72;144;88;48;2;128;120;112m▀[48;2;208;200;184m▀[48;2;72;144;88m    [48;2;208;200;184m [48;2;0;0;0m [0m
[38;2;248;248;248m▀[38;2;208;200;184;48;2;248;248;248m▀[48;2;208;200;184m [38;2;255;255;255m▀[48;2;255;255;255m   [48;2;208;200;184m▀▀▀▀[38;2;208;200;184;48;2;255;255;255m▀▀     [38;2;255;255;255;48;2;0;0;0m▀[38;2;0;0;0;48;2;72;72;72m▀[48;2;40;72;64m▀[48;2;120;200;104m▀▀[48;2;40;72;64m▀[48;2;168;232;120m▀[38;2;72;144;88;48;2;0;0;0m▀ ▀[38;2;0;0;0;48;2;120;200;104m▀[48;2;72;144;88m▀▀[48;2;120;200;104m▀▀▀[48;2;72;144;88m▀[38;2;255;255;255;48;2;0;0;0m▀[48;2;255;255;255m   [48;2;208;200;184m▀▀▀▀[38;2;208;200;184;48;2;255;255;255m▀▀▀  [38;2;255;255;255;48;2;0;0;0m▀[48;2;208;200;184m [38;2;168;232;120;48;2;120;200;104m▀[38;2;120;200;104;48;2;64;112;88m▀[38;2;64;112;88;48;2;72;144;88m▀[38;2;0;0;0;48;2;208;200;184m▀ [38;2;208;200;184;48;2;128;120;112m▀[48;2;72;144;88m  [38;2;72;144;88;48;2;64;112;88m▀[48;2;0;0;0m [48;2;208;200;184m [0m
   [38;2;248;248;248m▀[38;2;208;200;184m▀[48;2;248;248;248m▀▀[48;2;208;200;184m  [38;2;255;255;255m▀▀▀▀[48;2;255;255;255m    [48;2;0;0;0m [38;2;208;200;184;48;2;128;120;112m▀[38;2;128;120;112;48;2;0;0;0m▀[38;2;0;0;0;48;2;128;120;112m▀▀[38;2;40;72;64m▀▀▀[38;2;168;232;120;48;2;40;72;64m▀[48;2;208;200;184m▀[38;2;120;200;104m▀▀[38;2;40;72;64m▀▀▀▀▀[38;2;208;200;184;48;2;120;200;104m▀▀[48;2;72;144;88m▀[48;2;0;0;0m▀[48;2;255;255;255m▀        [38;2;255;255;255;48;2;0;0;0m▀[38;2;0;0;0;48;2;168;232;120m▀[38;2;168;232;120;48;2;120;200;104m▀[48;2;208;200;184m [38;2;64;112;88;48;2;72;144;88m▀ [38;2;128;120;112m▀   [38;2;72;144;88;48;2;64;112;88m▀[48;2;0;0;0m [38;2;208;200;184;48;2;248;248;248m▀[0m 
            [38;2;248;248;248m▀[38;2;208;200;184m▀▀▀[48;2;72;72;72m▀[48;2;0;0;0m▀▀[48;2;128;120;112m▀[48;2;248;248;248m▀[48;2;208;200;184m [48;2;128;120;112m▀[48;2;40;72;64m▀[48;2;168;232;120m▀▀[48;2;72;144;88m▀[38;2;128;120;112;48;2;168;232;120m▀[48;2;0;0;0m▀[38;2;168;232;120m▀▀[48;2;168;232;120m   [48;2;0;0;0m▀[38;2;120;200;104m▀[48;2;168;232;120m▀[38;2;72;144;88m▀[38;2;0;0;0;48;2;120;200;104m▀▀▀▀▀▀▀▀[48;2;72;144;88m▀[48;2;168;232;120m▀[38;2;168;232;120;48;2;120;200;104m▀[38;2;120;200;104;48;2;64;112;88m▀[38;2;64;112;88;48;2;72;144;88m▀[38;2;208;200;184m▀[38;2;72;144;88;48;2;208;200;184m▀▀[48;2;72;144;88m  [48;2;208;200;184m▀[38;2;0;0;0;48;2;248;248;248m▀[0m[38;2;248;248;248m▀[0m  
              [38;2;128;120;112m▄[48;2;248;248;248m▀▀▀[48;2;0;0;0m [48;2;72;72;72m▀[38;2;208;200;184;48;2;128;120;112m▀ [38;2;128;120;112;48;2;72;72;72m▀[48;2;0;0;0m [48;2;120;200;104m  [38;2;72;144;88;48;2;64;112;88m▀[48;2;120;200;104m [48;2;0;0;0m   [38;2;120;200;104;48;2;168;232;120m▀[48;2;120;200;104m  [38;2;0;0;0m▀[48;2;168;232;120m▀[38;2;168;232;120;48;2;120;200;104m▀ ▀[38;2;72;144;88m▀[38;2;168;232;120;48;2;72;144;88m▀[48;2;120;200;104m▀▀▀▀▀▀[38;2;64;112;88;48;2;72;144;88m▀[48;2;64;112;88m [48;2;40;72;64m▀[38;2;72;144;88m▀▀▀[48;2;72;144;88m [38;2;208;200;184m▀[48;2;64;112;88m▀[48;2;0;0;0m [0m    
            [38;2;72;72;72m▄[48;2;248;248;248m▀[38;2;248;248;248;48;2;255;255;255m▀[48;2;40;72;64m [38;2;72;144;88;48;2;120;200;104m▀ [38;2;64;112;88;48;2;72;144;88m▀[38;2;0;0;0m▀[38;2;72;72;72;48;2;0;0;0m▀▀ [38;2;72;144;88m▀▀[48;2;40;72;64m▀ [38;2;120;200;104;48;2;64;112;88m▀[48;2;72;144;88m▀[38;2;168;232;120m▀▀[38;2;120;200;104m▀▀▀▀▀▀▀▀[48;2;64;112;88m▀[38;2;64;112;88;48;2;40;72;64m▀[48;2;120;200;104m [38;2;120;200;104;48;2;72;144;88m▀[48;2;120;200;104m [48;2;72;144;88m▀[48;2;120;200;104m  [48;2;64;112;88m [48;2;0;0;0m [48;2;168;232;120m▀[48;2;120;200;104m   [38;2;64;112;88;48;2;0;0;0m▀[48;2;64;112;88m [48;2;0;0;0m [0m     
            [48;2;0;0;0m [38;2;248;248;248;48;2;72;144;88m▀[38;2;255;255;255;48;2;120;200;104m▀[38;2;40;72;64;48;2;168;232;120m▀[38;2;72;144;88;48;2;0;0;0m▀[38;2;120;200;104;48;2;144;80;48m▀[38;2;72;144;88;48;2;0;0;0m▀[38;2;64;112;88m▀[48;2;40;72;64m▀[38;2;0;0;0;48;2;128;120;112m▀▀[38;2;40;72;64;48;2;0;0;0m▀ [48;2;40;72;64m [38;2;168;232;120;48;2;120;200;104m▀[48;2;72;144;88m▀[48;2;120;200;104m [38;2;120;200;104;48;2;72;144;88m▀[48;2;120;200;104m [48;2;72;144;88m▀[48;2;120;200;104m [48;2;72;144;88m▀[48;2;120;200;104m [48;2;72;144;88m▀[48;2;120;200;104m [48;2;72;144;88m▀[48;2;120;200;104m [48;2;72;144;88m▀[48;2;64;112;88m [48;2;72;144;88m       [38;2;0;0;0;48;2;64;112;88m▀[38;2;120;200;104;48;2;0;0;0m▀[38;2;168;232;120;48;2;120;200;104m▀[38;2;120;200;104;48;2;168;232;120m▀[48;2;120;200;104m [38;2;72;144;88m▀[38;2;0;0;0;48;2;72;144;88m▀[48;2;0;0;0m [0m     
           [38;2;0;0;0m▄[48;2;0;0;0m [38;2;255;255;255m▀[48;2;40;72;64m▀ [38;2;168;232;120;48;2;0;0;0m▀[38;2;240;152;88;48;2;168;232;120m▀[38;2;0;0;0;48;2;240;152;88m▀[38;2;248;248;248m▀[38;2;240;152;88;48;2;144;80;48m▀[48;2;128;120;112m [48;2;72;72;72m [48;2;0;0;0m  [48;2;40;72;64m [38;2;120;200;104;48;2;72;144;88m▀             [48;2;64;112;88m [48;2;72;144;88m  [38;2;72;144;88;48;2;64;112;88m▀▀▀ [38;2;64;112;88;48;2;40;72;64m▀[48;2;0;0;0m▀[38;2;40;72;64m▀ [38;2;120;200;104m▀[38;2;168;232;120;48;2;120;200;104m▀[38;2;120;200;104;48;2;168;232;120m▀▀[38;2;72;144;88;48;2;120;200;104m▀[48;2;0;0;0m [0m    
        [38;2;128;120;112m▄[48;2;248;248;248m▀[38;2;72;72;72m▀[48;2;0;0;0m [38;2;72;144;88m▀[38;2;255;255;255;48;2;120;200;104m▀[38;2;0;0;0;48;2;255;255;255m▀[48;2;0;0;0m [48;2;40;72;64m▀[48;2;120;200;104m [38;2;144;80;48;48;2;0;0;0m▀[48;2;40;72;64m▀ [48;2;0;0;0m  [38;2;0;0;0;48;2;120;200;104m▀▀▀[48;2;72;144;88m  [38;2;72;144;88;48;2;40;72;64m▀[48;2;64;112;88m▀▀▀[48;2;40;72;64m▀[48;2;72;144;88m       [38;2;64;112;88;48;2;40;72;64m▀[48;2;64;112;88m [48;2;40;72;64m▀[48;2;0;0;0m▀▀[38;2;40;72;64m▀[0m[38;2;0;0;0m▀▀[0m    [38;2;0;0;0m▀▀▀▀▀[0m    
      [38;2;72;72;72m▄[48;2;248;248;248m▀[38;2;248;248;248;48;2;255;255;255m▀[38;2;120;200;104;48;2;0;0;0m▀[38;2;168;232;120;48;2;72;144;88m▀▀[48;2;64;112;88m [38;2;40;72;64m▀[38;2;120;200;104;48;2;40;72;64m▀[38;2;255;255;255;48;2;120;200;104m▀[38;2;0;0;0;48;2;168;232;120m▀[38;2;120;200;104;48;2;64;112;88m▀[38;2;40;72;64;48;2;0;0;0m▀[38;2;0;0;0;48;2;120;200;104m▀▀[38;2;120;200;104;48;2;40;72;64m▀▀[38;2;40;72;64;48;2;120;200;104m▀[48;2;72;144;88m▀[38;2;72;144;88;48;2;40;72;64m▀▀[38;2;40;72;64;48;2;120;200;104m▀[38;2;120;200;104;48;2;168;232;120m▀[38;2;168;232;120;48;2;72;144;88m▀[38;2;120;200;104m▀▀▀[38;2;40;72;64m▀[48;2;120;200;104m▀[48;2;64;112;88m▀[38;2;72;144;88;48;2;0;0;0m▀[48;2;72;144;88m   [48;2;0;0;0m [0m[38;2;0;0;0m▀▀[0m                  
     [48;2;0;0;0m [48;2;248;248;248m [48;2;255;255;255m [48;2;0;0;0m [38;2;72;144;88;48;2;120;200;104m▀ [48;2;72;144;88m  [48;2;64;112;88m  [48;2;40;72;64m [38;2;120;200;104;48;2;0;0;0m▀[38;2;248;248;248;48;2;120;200;104m▀[38;2;120;200;104;48;2;40;72;64m▀[38;2;40;72;64;48;2;120;200;104m▀[48;2;72;144;88m▀[38;2;120;200;104m▀   [48;2;40;72;64m  [38;2;168;232;120;48;2;72;144;88m▀[38;2;72;144;88;48;2;168;232;120m▀[38;2;120;200;104m▀[38;2;168;232;120;48;2;120;200;104m▀   [38;2;72;144;88m▀▀[38;2;0;0;0;48;2;72;144;88m▀[38;2;72;144;88;48;2;0;0;0m▀[48;2;72;144;88m [48;2;0;0;0m [0m                     
     [48;2;0;0;0m [48;2;248;248;248m [48;2;255;255;255m [48;2;0;0;0m [38;2;72;144;88m▀[38;2;120;200;104;48;2;144;80;48m▀[38;2;72;144;88;48;2;0;0;0m▀[38;2;64;112;88m▀[48;2;40;72;64m▀[38;2;0;0;0;48;2;128;120;112m▀▀[48;2;0;0;0m [48;2;120;200;104m [38;2;168;232;120m▀[48;2;72;144;88m      [48;2;40;72;64m [38;2;40;72;64;48;2;64;112;88m▀[38;2;0;0;0;48;2;40;72;64m▀[38;2;72;144;88;48;2;0;0;0m▀[38;2;168;232;120;48;2;72;144;88m▀[48;2;168;232;120m [38;2;120;200;104m▀[48;2;120;200;104m     [38;2;0;0;0;48;2;72;144;88m▀[38;2;72;144;88;48;2;0;0;0m▀[0m[38;2;0;0;0m▀[0m                     
     [48;2;0;0;0m [38;2;120;200;104;48;2;248;248;248m▀[48;2;0;0;0m▀[38;2;0;0;0;48;2;168;232;120m▀[48;2;0;0;0m [48;2;240;152;88m ▀[38;2;248;248;248m▀[38;2;240;152;88;48;2;144;80;48m▀[48;2;128;120;112m [48;2;72;72;72m [48;2;0;0;0m [48;2;120;200;104m [48;2;72;144;88m      [38;2;72;144;88;48;2;0;0;0m▀[38;2;0;0;0;48;2;128;120;112m▀[48;2;208;200;184m▀[48;2;0;0;0m [48;2;128;120;112m▀[48;2;0;0;0m [38;2;72;144;88m▀[38;2;168;232;120;48;2;72;144;88m▀[38;2;120;200;104;48;2;64;112;88m▀▀[48;2;40;72;64m▀[48;2;120;200;104m   [38;2;0;0;0;48;2;64;112;88m▀[48;2;80;120;120m▀[48;2;152;216;160m▀[0m[38;2;0;0;0m▄▄[0m                  
     [48;2;0;0;0m [38;2;255;255;255;48;2;40;72;64m▀▀[48;2;0;0;0m▀[38;2;168;232;120m▀[38;2;0;0;0;48;2;248;248;248m▀[38;2;144;80;48;48;2;40;72;64m▀▀ [38;2;0;0;0m▀[48;2;0;0;0m [48;2;120;200;104m▀[38;2;120;200;104;48;2;40;72;64m▀[48;2;72;144;88m      [48;2;0;0;0m  [38;2;208;200;184;48;2;128;120;112m▀▀[48;2;0;0;0m [38;2;168;232;120m▀[38;2;72;144;88m▀ [38;2;168;232;120;48;2;248;248;248m▀[38;2;120;200;104;48;2;168;232;120m▀▀[48;2;40;72;64m [48;2;120;200;104m   [48;2;0;0;0m  [38;2;72;72;72m▀ [0m                  
     [48;2;0;0;0m  [38;2;0;0;0;48;2;72;72;72m▀[48;2;128;120;112m▀[38;2;64;112;88;48;2;0;0;0m▀[38;2;40;72;64;48;2;64;112;88m▀[38;2;168;232;120;48;2;40;72;64m▀[48;2;0;0;0m▀[38;2;120;200;104m▀[48;2;64;112;88m [48;2;40;72;64m▀ [38;2;168;232;120;48;2;120;200;104m▀[48;2;72;144;88m      [38;2;0;0;0m▀[38;2;72;72;72;48;2;0;0;0m▀[38;2;128;120;112m▀ ▀[38;2;208;200;184;48;2;248;248;248m▀[38;2;128;120;112;48;2;208;200;184m▀[38;2;0;0;0;48;2;128;120;112m▀[38;2;120;200;104;48;2;0;0;0m▀▀[38;2;72;144;88m▀[48;2;40;72;64m [48;2;64;112;88m▀[38;2;120;200;104m▀[38;2;168;232;120m▀[48;2;0;0;0m [38;2;128;120;112;48;2;208;200;184m▀▀▀[48;2;0;0;0m [38;2;0;0;0;48;2;128;120;112m▀[48;2;0;0;0m [0m               
     [48;2;0;0;0m [38;2;120;200;104;48;2;168;232;120m▀[38;2;0;0;0;48;2;120;200;104m▀[38;2;72;72;72;48;2;0;0;0m▀▀ [38;2;64;112;88m▀[38;2;0;0;0;48;2;168;232;120m▀[38;2;168;232;120;48;2;72;144;88m▀[38;2;120;200;104m▀ [48;2;64;112;88m [48;2;72;144;88m▀       [38;2;64;112;88;48;2;40;72;64m▀[48;2;72;144;88m [48;2;0;0;0m [38;2;0;0;0;48;2;72;72;72m▀[38;2;208;200;184;48;2;128;120;112m▀[38;2;128;120;112;48;2;72;72;72m▀▀[48;2;0;0;0m [48;2;168;232;120m [48;2;72;144;88m     [48;2;0;0;0m [48;2;72;72;72m▀▀▀[48;2;0;0;0m [38;2;72;72;72m▀ [0m               
     [48;2;0;0;0m [38;2;72;144;88m▀[38;2;168;232;120;48;2;72;144;88m▀[38;2;248;248;248;48;2;120;200;104m▀[48;2;168;232;120m [38;2;168;232;120;48;2;120;200;104m▀[38;2;120;200;104;48;2;72;144;88m▀    [48;2;40;72;64m ▀[38;2;72;144;88m▀▀▀▀▀▀▀ [38;2;120;200;104m▀[38;2;72;144;88m▀[38;2;0;0;0m▀▀▀▀▀[38;2;168;232;120;48;2;0;0;0m▀[38;2;120;200;104m▀[38;2;72;144;88m▀▀▀▀ [0m[38;2;0;0;0m▀▀▀[0m                  
     [48;2;0;0;0m [38;2;0;0;0;48;2;208;200;184m▀[48;2;0;0;0m [38;2;72;144;88m▀▀▀[48;2;64;112;88m▀ ▀ ▀[38;2;64;112;88;48;2;40;72;64m▀▀▀▀▀▀▀▀▀▀▀▀▀▀  [38;2;40;72;64;48;2;0;0;0m▀[0m[38;2;0;0;0m▀[0m                           
     [48;2;0;0;0m [38;2;208;200;184;48;2;128;120;112m▀[38;2;248;248;248;48;2;208;200;184m▀[38;2;208;200;184;48;2;128;120;112m▀ [48;2;0;0;0m [48;2;64;112;88m   [38;2;64;112;88;48;2;40;72;64m▀ [48;2;0;0;0m [38;2;0;0;0;48;2;40;72;64m▀[48;2;0;0;0m [0m[38;2;0;0;0m▀▀▀▀▀▀▀▀▀▀▀▀▀[0m                             
    [38;2;0;0;0m▄▄[48;2;0;0;0m [38;2;128;120;112m▀[48;2;72;72;72m▀▀[38;2;0;0;0m▀[38;2;64;112;88;48;2;0;0;0m▀[48;2;40;72;64m▀[38;2;40;72;64;48;2;0;0;0m▀▀[38;2;0;0;0;48;2;40;72;64m▀ [38;2;40;72;64;48;2;0;0;0m▀[0m[38;2;0;0;0m▀[0m                                          
    [48;2;0;0;0m [38;2;248;248;248m▀[38;2;128;120;112m▀[38;2;72;72;72m▀  [0m[38;2;0;0;0m▀▀▀▀▀▀▀[0m                                            
