                [38;2;8;8;8m▄[48;2;96;144;128m▀[48;2;144;192;152m▀▀▀▀▀[48;2;48;104;96m▀[0m[38;2;8;8;8m▄[0m       
               [48;2;8;8;8m [38;2;96;144;128;48;2;144;192;152m▀[48;2;248;240;240m [38;2;168;248;176m▀[38;2;144;192;152;48;2;168;248;176m▀▀▀[48;2;144;192;152m [48;2;96;144;128m▀[48;2;48;104;96m [48;2;8;8;8m [0m      
               [48;2;8;8;8m [48;2;144;192;152m  [38;2;168;248;176m▀[38;2;48;104;96m▀ [48;2;96;144;128m   [48;2;48;104;96m [48;2;8;8;8m [0m      
          [38;2;8;8;8m▄[48;2;8;8;8m [0m [38;2;8;8;8m▄[48;2;144;192;152m▀[38;2;48;104;96;48;2;168;248;176m▀[38;2;96;144;128;48;2;144;192;152m▀ [38;2;144;192;152;48;2;96;144;128m▀▀[48;2;48;104;96m▀[38;2;96;144;128m▀▀  [38;2;8;8;8m▀[0m[38;2;8;8;8m▄[0m     
 [38;2;8;8;8m▄[48;2;112;112;96m▀[48;2;56;48;56m▀[48;2;192;168;144m▀[48;2;112;112;96m▀[0m[38;2;8;8;8m▄▄[0m [48;2;8;8;8m [38;2;192;168;144;48;2;112;112;96m▀[48;2;8;8;8m [0m [38;2;8;8;8m▀[38;2;96;144;128;48;2;8;8;8m▀[38;2;144;192;152m▀[38;2;168;248;176m▀▀▀[38;2;144;192;152m▀[48;2;144;192;152m  [38;2;96;144;128m▀[48;2;96;144;128m [38;2;48;104;96m▀[48;2;48;104;96m [48;2;8;8;8m [0m     
[48;2;8;8;8m [38;2;112;112;96;48;2;192;168;144m▀[38;2;248;240;240m▀[48;2;112;112;96m [48;2;248;240;240m [48;2;192;168;144m▀ [38;2;112;112;96m▀[48;2;8;8;8m [38;2;8;8;8;48;2;192;168;144m▀[48;2;248;208;144m▀[48;2;8;8;8m [48;2;112;112;96m▀[48;2;8;8;8m [48;2;248;208;144m▀[48;2;248;152;96m▀[38;2;248;152;96;48;2;8;8;8m▀[38;2;8;8;8;48;2;112;112;96m▀[38;2;248;208;144m▀[38;2;8;8;8m▀[48;2;192;168;144m▀[38;2;48;104;96m▀[38;2;96;144;128m▀[38;2;48;104;96m▀▀[38;2;8;8;8m▀▀[48;2;112;112;96m▀▀[48;2;192;168;144m▀[48;2;8;8;8m [0m 
[38;2;8;8;8m▀[38;2;112;112;96;48;2;8;8;8m▀[48;2;56;48;56m▀ ▀▀[48;2;8;8;8m▀[38;2;56;48;56m▀[0m[38;2;8;8;8m▀▀[38;2;248;152;96;48;2;8;8;8m▀[38;2;248;208;144m▀  [48;2;144;80;56m▀▀[38;2;8;8;8;48;2;96;144;128m▀[48;2;48;104;96m▀[48;2;8;8;8m [48;2;144;192;152m▀[48;2;168;248;176m▀[48;2;96;144;128m▀[48;2;48;104;96m▀[48;2;96;144;128m▀[48;2;8;8;8m   [0m[38;2;8;8;8m▀▀▀▀[0m 
  [38;2;8;8;8m▀▀▀▀[0m        [38;2;8;8;8m▀[38;2;168;248;176;48;2;8;8;8m▀[48;2;168;248;176m [38;2;96;144;128;48;2;144;192;152m▀▀[38;2;168;248;176;48;2;96;144;128m▀ [38;2;96;144;128;48;2;8;8;8m▀[38;2;48;104;96m▀[48;2;48;104;96m [48;2;8;8;8m [48;2;144;80;56m  [38;2;8;8;8m▀[0m[38;2;8;8;8m▄[0m   
               [48;2;8;8;8m  [38;2;8;8;8;48;2;48;104;96m▀▀▀▀[38;2;48;104;96;48;2;96;144;128m▀▀ [48;2;8;8;8m [38;2;248;152;96m▀[38;2;144;80;56m▀[38;2;8;8;8;48;2;144;80;56m▀[48;2;8;8;8m [0m   
              [48;2;8;8;8m [48;2;96;144;128m  [38;2;48;104;96m▀[48;2;48;104;96m  [48;2;96;144;128m▀▀▀[38;2;8;8;8m▀[48;2;8;8;8m [38;2;144;80;56m▀[38;2;248;152;96m▀[38;2;144;80;56m▀[0m[38;2;8;8;8m▀[0m   
              [38;2;8;8;8m▀[38;2;96;144;128;48;2;8;8;8m▀[48;2;48;104;96m▀▀[48;2;96;144;128m [48;2;144;192;152m▀▀[48;2;168;248;176m▀▀[48;2;144;192;152m▀▀[38;2;48;104;96;48;2;96;144;128m▀[38;2;8;8;8m▀[48;2;48;104;96m▀[0m[38;2;8;8;8m▄[0m   
           [38;2;56;48;56m▄[38;2;8;8;8m▄[48;2;192;168;144m▀[48;2;112;112;96m▀[48;2;56;48;56m▀[48;2;8;8;8m [48;2;56;48;56m▀[38;2;96;144;128;48;2;8;8;8m▀[48;2;48;104;96m▀[38;2;144;192;152;48;2;96;144;128m▀[48;2;144;192;152m [38;2;168;248;176m▀▀[48;2;96;144;128m▀[38;2;144;192;152;48;2;48;104;96m▀[38;2;96;144;128;48;2;8;8;8m▀  [0m[38;2;56;48;56m▄[0m  
          [38;2;56;48;56m▀[38;2;8;8;8;48;2;56;48;56m▀[48;2;8;8;8m [38;2;112;112;96m▀▀▀[38;2;56;48;56m▀[38;2;112;112;96m▀        [38;2;8;8;8;48;2;192;168;144m▀[38;2;56;48;56;48;2;112;112;96m▀[48;2;56;48;56m [48;2;8;8;8m ▀[0m[38;2;56;48;56m▄[0m
                [38;2;56;48;56m▀[38;2;8;8;8m▀▀▀[48;2;56;48;56m▀[48;2;8;8;8m    [38;2;112;112;96;48;2;56;48;56m▀[38;2;248;208;144m▀[38;2;192;168;144m▀[38;2;56;48;56;48;2;8;8;8m▀[38;2;8;8;8;48;2;56;48;56m▀[0m[38;2;56;48;56m▀[0m 
