      [38;2;0;0;0m▄▄▄▄[48;2;0;0;0m [48;2;248;144;88m▀[48;2;240;72;72m▀[48;2;0;0;0m [0m[38;2;0;0;0m▄▄▄▄[48;2;240;72;72m▀[48;2;248;144;88m▀▀▀▀▀▀▀▀▀[48;2;240;72;72m▀[0m[38;2;0;0;0m▄▄▄[0m      [38;2;0;0;0m▄▄▄▄[0m      
      [48;2;0;0;0m [38;2;248;248;248m▀[38;2;208;184;168m▀[38;2;88;80;96m▀[38;2;208;184;168m▀[38;2;240;72;72m▀▀[38;2;0;0;0;48;2;248;144;88m▀[48;2;248;200;136m▀[38;2;248;144;88m▀[48;2;240;72;72m [48;2;248;200;136m▀▀[38;2;240;72;72;48;2;248;144;88m▀[48;2;248;200;136m▀▀▀[48;2;248;144;88m▀▀▀▀▀[38;2;248;144;88;48;2;240;72;72m▀[48;2;248;144;88m [38;2;240;72;72m▀[38;2;0;0;0;48;2;240;72;72m▀▀[48;2;0;0;0m [48;2;240;72;72m▀▀▀▀[38;2;240;72;72;48;2;96;56;72m▀[38;2;96;56;72;48;2;248;144;88m▀[38;2;240;72;72;48;2;0;0;0m▀[48;2;240;72;72m [48;2;0;0;0m [0m     
    [38;2;0;0;0m▄[48;2;240;72;72m▀  [48;2;192;72;80m [38;2;192;72;80;48;2;0;0;0m▀[38;2;0;0;0;48;2;248;144;88m▀[38;2;248;144;88;48;2;240;72;72m▀[38;2;248;200;136m▀[38;2;240;72;72;48;2;248;200;136m▀▀▀    [38;2;248;144;88m▀[38;2;248;200;136;48;2;248;144;88m▀[48;2;248;200;136m  [38;2;192;72;80m▀▀[48;2;248;144;88m   [38;2;240;72;72m▀[38;2;248;144;88;48;2;240;72;72m▀[48;2;248;144;88m [38;2;240;72;72m▀[48;2;240;72;72m [38;2;0;0;0m▀[38;2;240;72;72;48;2;0;0;0m▀▀▀[38;2;96;56;72m▀[38;2;240;72;72m▀[38;2;248;144;88;48;2;240;72;72m▀[38;2;0;0;0;48;2;248;144;88m▀[48;2;0;0;0m [0m     
   [38;2;0;0;0m▄[48;2;0;0;0m [38;2;192;72;80m▀▀▀ [38;2;248;144;88m▀[38;2;248;200;136;48;2;240;72;72m▀[48;2;248;200;136m  [38;2;240;72;72m▀[48;2;248;248;248m▀[38;2;248;200;136;48;2;240;72;72m▀[48;2;248;200;136m      [38;2;248;144;88m▀▀[38;2;240;72;72;48;2;248;144;88m▀▀▀▀▀▀▀▀ ▀[48;2;240;72;72m  [38;2;0;0;0m▀[38;2;255;255;255;48;2;0;0;0m▀[48;2;255;255;255m  [38;2;0;0;0m▀[38;2;240;72;72;48;2;0;0;0m▀[38;2;248;144;88;48;2;240;72;72m▀[48;2;0;0;0m [0m[38;2;0;0;0m▄▄▄[0m 
 [38;2;0;0;0m▄[48;2;248;144;88m▀[38;2;248;200;136;48;2;192;72;80m▀▀[38;2;248;144;88;48;2;248;200;136m▀[48;2;248;144;88m  [38;2;192;72;80m▀[38;2;240;72;72m▀[38;2;248;200;136;48;2;240;72;72m▀[38;2;240;72;72;48;2;248;200;136m▀[38;2;248;200;136;48;2;240;72;72m▀[48;2;248;200;136m   [38;2;240;72;72m▀[38;2;248;200;136;48;2;192;72;80m▀[48;2;248;200;136m    [38;2;192;72;80;48;2;248;144;88m▀[38;2;96;56;72;48;2;192;72;80m▀[48;2;248;200;136m▀[48;2;248;248;248m▀[38;2;248;144;88;48;2;96;56;72m▀[48;2;248;144;88m       [48;2;240;72;72m [38;2;96;56;72m▀[48;2;248;144;88m▀[48;2;248;200;136m▀[38;2;0;0;0m▀▀▀▀[48;2;240;72;72m▀[48;2;248;144;88m [38;2;248;144;88;48;2;240;72;72m▀▀[48;2;248;144;88m [48;2;0;0;0m [0m
[38;2;0;0;0m▄[48;2;248;144;88m▀[38;2;240;72;72;48;2;96;56;72m▀[48;2;0;0;0m  [38;2;248;144;88;48;2;96;56;72m▀[38;2;248;200;136;48;2;248;248;248m▀▀▀[48;2;248;200;136m [38;2;248;144;88m▀[38;2;248;200;136;48;2;248;144;88m▀[38;2;248;144;88;48;2;248;248;248m▀[38;2;248;200;136;48;2;248;144;88m▀[48;2;248;200;136m [48;2;248;144;88m▀[48;2;192;72;80m [38;2;240;72;72;48;2;248;144;88m▀[48;2;248;200;136m  [38;2;248;200;136;48;2;248;144;88m▀▀▀ [38;2;192;72;80m▀[38;2;248;144;88;48;2;96;56;72m▀ [48;2;240;72;72m [38;2;240;72;72;48;2;248;144;88m▀▀▀▀▀[48;2;240;72;72m  [38;2;96;56;72m▀[38;2;240;72;72;48;2;96;56;72m▀[38;2;248;144;88m▀[48;2;0;0;0m▀▀▀▀[38;2;96;56;72m▀[38;2;248;144;88m▀▀▀▀[0m[38;2;0;0;0m▀[0m
[48;2;0;0;0m [48;2;248;144;88m [48;2;0;0;0m    [48;2;248;248;248m [48;2;248;200;136m    [48;2;240;72;72m [48;2;248;200;136m [48;2;240;72;72m [48;2;248;200;136m [48;2;192;72;80m [38;2;240;72;72;48;2;248;144;88m▀[38;2;248;144;88;48;2;248;200;136m▀[38;2;248;200;136;48;2;248;144;88m▀ [38;2;248;144;88;48;2;192;72;80m▀▀▀▀[48;2;240;72;72m▀[48;2;248;144;88m [38;2;240;72;72m▀▀     [48;2;240;72;72m [48;2;192;72;80m▀[38;2;192;72;80;48;2;248;144;88m▀▀[48;2;240;72;72m▀▀[48;2;96;56;72m▀[48;2;0;0;0m▀[0m[38;2;0;0;0m▀▀[0m     
[48;2;0;0;0m [38;2;248;144;88;48;2;240;72;72m▀[48;2;0;0;0m    [38;2;248;248;248;48;2;248;200;136m▀[38;2;248;200;136;48;2;248;144;88m▀▀▀▀[38;2;240;72;72;48;2;192;72;80m▀[38;2;248;200;136;48;2;248;144;88m▀[38;2;240;72;72;48;2;192;72;80m▀[48;2;248;144;88m [48;2;192;72;80m [48;2;248;144;88m  [38;2;248;144;88;48;2;192;72;80m▀[38;2;192;72;80;48;2;248;144;88m▀[38;2;248;144;88;48;2;240;72;72m▀[48;2;0;0;0m▀▀▀[38;2;96;56;72m▀[38;2;240;72;72m▀[38;2;248;144;88;48;2;240;72;72m▀[48;2;248;144;88m    [48;2;240;72;72m▀[38;2;240;72;72;48;2;192;72;80m▀[38;2;192;72;80;48;2;248;144;88m▀[38;2;248;144;88;48;2;240;72;72m▀[38;2;240;72;72;48;2;96;56;72m▀[38;2;96;56;72;48;2;240;72;72m▀▀[38;2;240;72;72;48;2;96;56;72m▀[38;2;0;0;0;48;2;248;144;88m▀▀▀[48;2;240;72;72m▀[0m[38;2;0;0;0m▄[0m    
[48;2;0;0;0m [48;2;240;72;72m [38;2;0;0;0;48;2;96;56;72m▀[48;2;0;0;0m  [48;2;96;56;72m▀[38;2;248;200;136;48;2;248;144;88m▀    [48;2;96;56;72m [48;2;248;144;88m [48;2;96;56;72m [48;2;192;72;80m [48;2;248;144;88m  [48;2;192;72;80m [38;2;248;144;88;48;2;240;72;72m▀[38;2;240;72;72;48;2;0;0;0m▀[38;2;0;0;0;48;2;248;144;88m▀[38;2;248;144;88;48;2;248;200;136m▀▀[48;2;248;144;88m  [38;2;0;0;0;48;2;240;72;72m▀[38;2;240;72;72;48;2;0;0;0m▀[48;2;240;72;72m [38;2;248;144;88m▀▀  [38;2;192;72;80;48;2;96;56;72m▀[38;2;248;144;88;48;2;240;72;72m▀[48;2;96;56;72m  [38;2;240;72;72;48;2;0;0;0m▀[38;2;96;56;72;48;2;248;144;88m▀[38;2;248;144;88;48;2;248;200;136m▀  [48;2;248;144;88m  [48;2;240;72;72m [38;2;0;0;0m▀[0m[38;2;0;0;0m▄[0m  
 [48;2;0;0;0m [48;2;240;72;72m [38;2;0;0;0;48;2;192;72;80m▀▀[48;2;248;144;88m [38;2;240;72;72;48;2;192;72;80m▀▀▀▀[48;2;96;56;72m [38;2;248;144;88;48;2;240;72;72m▀[48;2;96;56;72m [48;2;240;72;72m [48;2;192;72;80m [48;2;248;144;88m  [48;2;192;72;80m [48;2;0;0;0m [48;2;248;144;88m [38;2;248;200;136;48;2;248;248;248m▀[48;2;248;200;136m [48;2;248;144;88m▀  [48;2;240;72;72m  [48;2;0;0;0m [48;2;240;72;72m    [48;2;96;56;72m [48;2;240;72;72m [48;2;96;56;72m [38;2;240;72;72m▀[48;2;0;0;0m [48;2;248;144;88m [48;2;248;200;136m  [48;2;248;144;88m   [48;2;240;72;72m  [48;2;0;0;0m [0m  
  [38;2;0;0;0m▀[38;2;248;144;88;48;2;0;0;0m▀▀[38;2;192;72;80m▀▀▀▀[38;2;96;56;72m▀[38;2;192;72;80m▀[38;2;96;56;72m▀[48;2;240;72;72m [38;2;240;72;72;48;2;96;56;72m▀ [48;2;248;144;88m  [38;2;192;72;80m▀[48;2;0;0;0m [48;2;248;144;88m [38;2;248;248;248;48;2;248;200;136m▀ [38;2;248;144;88;48;2;240;72;72m▀▀▀  [48;2;0;0;0m [48;2;240;72;72m    [38;2;96;56;72m▀[38;2;240;72;72;48;2;96;56;72m▀[48;2;240;72;72m [38;2;96;56;72m▀[48;2;0;0;0m [48;2;248;144;88m [48;2;248;200;136m  [48;2;248;144;88m  [38;2;248;144;88;48;2;240;72;72m▀  [48;2;0;0;0m [0m  
   [48;2;0;0;0m [48;2;240;72;72m [48;2;192;72;80m [48;2;0;0;0m [48;2;240;72;72m [38;2;96;56;72;48;2;248;144;88m▀[38;2;240;72;72;48;2;96;56;72m▀[48;2;240;72;72m   [48;2;248;144;88m [48;2;96;56;72m [48;2;248;144;88m   [48;2;0;0;0m [38;2;248;144;88;48;2;240;72;72m▀[38;2;248;200;136;48;2;248;144;88m▀[48;2;248;200;136m [48;2;248;144;88m   [38;2;248;144;88;48;2;240;72;72m▀[38;2;240;72;72;48;2;192;72;80m▀[48;2;0;0;0m [48;2;240;72;72m      [38;2;96;56;72m▀[48;2;192;72;80m▀[48;2;0;0;0m [48;2;240;72;72m [38;2;248;144;88;48;2;248;200;136m▀▀[38;2;240;72;72;48;2;248;144;88m▀▀  [48;2;240;72;72m [48;2;0;0;0m [0m  
   [48;2;0;0;0m [48;2;240;72;72m [48;2;192;72;80m [38;2;0;0;0m▀[38;2;240;72;72;48;2;0;0;0m▀[38;2;248;144;88;48;2;240;72;72m▀[48;2;248;144;88m [38;2;96;56;72m▀[38;2;240;72;72;48;2;96;56;72m▀▀▀[38;2;96;56;72;48;2;240;72;72m▀[48;2;248;144;88m   [48;2;0;0;0m [48;2;248;144;88m [48;2;248;200;136m [38;2;248;144;88m▀[38;2;240;72;72;48;2;248;144;88m▀▀▀[38;2;192;72;80;48;2;240;72;72m▀ [48;2;0;0;0m [38;2;240;72;72;48;2;192;72;80m▀ [38;2;192;72;80;48;2;240;72;72m▀▀▀▀ [48;2;192;72;80m [48;2;0;0;0m [38;2;240;72;72;48;2;96;56;72m▀[38;2;248;144;88;48;2;240;72;72m▀[38;2;248;200;136;48;2;248;144;88m▀ [38;2;248;144;88;48;2;240;72;72m▀▀[38;2;240;72;72;48;2;248;144;88m▀[48;2;240;72;72m [38;2;0;0;0;48;2;96;56;72m▀[0m[38;2;0;0;0m▄[0m 
   [48;2;0;0;0m [48;2;240;72;72m [38;2;192;72;80;48;2;96;56;72m▀[48;2;192;72;80m [38;2;0;0;0m▀[38;2;240;72;72;48;2;0;0;0m▀[48;2;240;72;72m [38;2;248;144;88m▀[48;2;248;144;88m       [48;2;0;0;0m [48;2;248;144;88m [48;2;248;200;136m  [48;2;248;144;88m   [48;2;240;72;72m  [48;2;0;0;0m [38;2;192;72;80;48;2;240;72;72m▀ [38;2;240;72;72;48;2;0;0;0m▀[38;2;0;0;0;48;2;96;56;72m▀▀▀▀[48;2;192;72;80m  [38;2;96;56;72;48;2;0;0;0m▀[48;2;248;144;88m [48;2;248;200;136m  [48;2;248;144;88m   [48;2;240;72;72m  [48;2;0;0;0m [0m 
   [48;2;0;0;0m [38;2;240;72;72;48;2;192;72;80m▀[38;2;96;56;72m▀[48;2;96;56;72m   [38;2;0;0;0;48;2;192;72;80m▀[38;2;240;72;72;48;2;0;0;0m▀[48;2;240;72;72m  [48;2;248;144;88m▀[48;2;96;56;72m▀[48;2;248;144;88m [38;2;248;144;88;48;2;240;72;72m▀ [48;2;0;0;0m [48;2;248;144;88m [48;2;248;200;136m  [48;2;248;144;88m   [48;2;240;72;72m  [48;2;0;0;0m [48;2;240;72;72m [48;2;0;0;0m [38;2;0;0;0;48;2;96;56;72m▀▀▀▀[48;2;192;72;80m▀ [38;2;192;72;80;48;2;0;0;0m▀ [48;2;248;144;88m [48;2;248;200;136m  [48;2;248;144;88m   [48;2;240;72;72m  [48;2;0;0;0m [0m 
   [38;2;0;0;0m▀[38;2;192;72;80;48;2;0;0;0m▀[48;2;192;72;80m    [48;2;88;80;96m▀[48;2;0;0;0m▀[38;2;0;0;0;48;2;255;255;255m▀[38;2;240;72;72;48;2;0;0;0m▀[38;2;96;56;72;48;2;192;72;80m▀▀[48;2;240;72;72m   [48;2;0;0;0m [48;2;248;144;88m [48;2;248;200;136m  [48;2;248;144;88m   [48;2;240;72;72m  [48;2;0;0;0m [48;2;192;72;80m  [38;2;0;0;0m▀▀▀ [38;2;192;72;80;48;2;0;0;0m▀   [48;2;248;144;88m [48;2;248;200;136m  [48;2;248;144;88m   [48;2;240;72;72m  [48;2;0;0;0m [0m 
    [48;2;0;0;0m [48;2;88;80;96m [38;2;192;72;80m▀[48;2;0;0;0m▀[38;2;0;0;0;48;2;88;80;96m▀ [48;2;0;0;0m [38;2;255;255;255m▀▀ [38;2;192;72;80m▀▀[48;2;192;72;80m  [48;2;0;0;0m [48;2;248;144;88m [48;2;248;200;136m  [48;2;248;144;88m   [48;2;240;72;72m  [48;2;0;0;0m [48;2;192;72;80m   [48;2;0;0;0m▀▀     [48;2;240;72;72m [38;2;248;200;136;48;2;248;144;88m▀[48;2;248;200;136m [48;2;248;144;88m   [48;2;240;72;72m  [38;2;0;0;0;48;2;96;56;72m▀[0m[38;2;0;0;0m▄[0m
     [48;2;0;0;0m [38;2;88;80;96m▀▀▀          [48;2;248;144;88m [48;2;248;200;136m  [48;2;248;144;88m   [48;2;240;72;72m  [48;2;0;0;0m           [38;2;96;56;72m▀[48;2;248;144;88m [48;2;248;200;136m  [48;2;248;144;88m   [48;2;240;72;72m  [48;2;0;0;0m [0m
   [38;2;0;0;0m▄[48;2;0;0;0m               [48;2;192;72;80m [38;2;248;200;136m▀[48;2;240;72;72m▀[38;2;248;144;88m▀▀▀[38;2;240;72;72;48;2;192;72;80m▀[48;2;96;56;72m [48;2;0;0;0m            [48;2;248;144;88m [48;2;248;200;136m  [48;2;248;144;88m  [38;2;248;144;88;48;2;240;72;72m▀ [38;2;240;72;72;48;2;96;56;72m▀[48;2;0;0;0m [0m
  [48;2;0;0;0m                 [48;2;248;144;88m [38;2;192;72;80;48;2;248;200;136m▀[38;2;248;144;88;48;2;192;72;80m▀▀▀▀[38;2;192;72;80;48;2;240;72;72m▀ [48;2;0;0;0m            [48;2;192;72;80m [38;2;240;72;72m▀[48;2;248;200;136m▀[48;2;248;144;88m▀▀[38;2;248;144;88;48;2;192;72;80m▀[38;2;240;72;72m▀[38;2;192;72;80;48;2;240;72;72m▀[48;2;0;0;0m [0m
   [38;2;0;0;0m▀[48;2;0;0;0m               [48;2;248;144;88m [38;2;248;200;136m▀[48;2;248;200;136m [48;2;248;144;88m   [48;2;240;72;72m  [48;2;0;0;0m            [38;2;240;72;72;48;2;96;56;72m▀[38;2;248;200;136;48;2;248;144;88m▀[38;2;192;72;80;48;2;248;200;136m▀[48;2;248;144;88m▀▀ [48;2;240;72;72m  [48;2;0;0;0m [0m
     [38;2;0;0;0m▀[48;2;0;0;0m              [38;2;248;144;88m▀[48;2;248;144;88m   [48;2;240;72;72m▀[38;2;240;72;72;48;2;0;0;0m▀              [38;2;248;144;88m▀[48;2;240;72;72m▀[48;2;248;144;88m  [48;2;240;72;72m▀[38;2;240;72;72;48;2;0;0;0m▀  [0m
        [38;2;0;0;0m▀▀[48;2;0;0;0m          [38;2;88;80;96m▀[38;2;0;0;0;48;2;88;80;96m▀▀▀▀[38;2;88;80;96;48;2;0;0;0m▀              ▀[38;2;0;0;0;48;2;88;80;96m▀▀▀▀[38;2;88;80;96;48;2;0;0;0m▀[0m[38;2;0;0;0m▀[0m 
            [38;2;0;0;0m▀▀▀[48;2;0;0;0m                       [0m[38;2;0;0;0m▀▀▀▀▀▀▀[0m   
