     [38;2;8;8;8m▄[48;2;128;56;64m▀[48;2;232;72;64m▀[48;2;248;128;104m▀▀▀[48;2;232;72;64m▀[0m[38;2;8;8;8m▄[0m                                   
    [48;2;8;8;8m [38;2;128;56;64;48;2;232;72;64m▀[38;2;232;72;64;48;2;248;128;104m▀ [38;2;248;128;104;48;2;248;184;152m▀[38;2;248;184;152;48;2;248;240;240m▀▀[38;2;248;128;104;48;2;248;184;152m▀[38;2;232;72;64;48;2;248;128;104m▀[38;2;8;8;8;48;2;232;72;64m▀[0m[38;2;8;8;8m▄[0m                                 
   [48;2;8;8;8m [48;2;128;56;64m [48;2;232;72;64m [48;2;248;128;104m  [48;2;248;184;152m [38;2;248;240;240m▀[48;2;248;240;240m [48;2;248;184;152m▀[48;2;248;128;104m [48;2;232;72;64m [48;2;8;8;8m [0m                                 
   [48;2;8;8;8m [48;2;128;56;64m [48;2;232;72;64m [38;2;248;128;104m▀[48;2;248;128;104m  [38;2;248;184;152m▀▀  [38;2;232;72;64;48;2;248;184;152m▀[38;2;248;128;104;48;2;8;8;8m▀ [0m                                
   [48;2;8;8;8m [38;2;128;56;64;48;2;232;72;64m▀▀[38;2;232;72;64;48;2;248;128;104m▀▀[48;2;248;184;152m▀[38;2;248;128;104m▀[38;2;248;184;152;48;2;56;48;56m▀[48;2;8;8;8m▀[48;2;248;152;96m▀[48;2;8;8;8m [0m[38;2;8;8;8m▀[0m                                 
   [38;2;8;8;8m▀[48;2;8;8;8m   [48;2;112;112;96m▀[48;2;8;8;8m [38;2;144;80;56;48;2;248;152;96m▀[38;2;248;240;240;48;2;248;208;144m▀[38;2;8;8;8m▀[38;2;248;208;144;48;2;248;152;96m▀[48;2;8;8;8m [0m                             [38;2;0;0;0m▄▄▄[0m  
    [48;2;8;8;8m [38;2;8;8;8;48;2;248;128;104m▀[48;2;128;56;64m [48;2;232;72;64m▀[48;2;8;8;8m [38;2;144;80;56m▀[38;2;248;152;96;48;2;144;80;56m▀[48;2;8;8;8m▀ [38;2;8;8;8;48;2;232;72;64m▀[48;2;8;8;8m [0m[38;2;8;8;8m▄[0m                     [38;2;0;0;0m▄▄▄[48;2;80;120;120m▀[48;2;152;216;160m▀▀[38;2;152;216;160;48;2;255;255;255m▀[48;2;0;0;0m▀[48;2;80;120;120m [38;2;0;0;0m▀[0m[38;2;0;0;0m▄[0m
  [38;2;8;8;8m▄[48;2;8;8;8m [38;2;232;72;64;48;2;248;128;104m▀[38;2;248;128;104;48;2;232;72;64m▀[48;2;8;8;8m [48;2;232;72;64m▀[38;2;232;72;64;48;2;248;128;104m▀[38;2;128;56;64;48;2;232;72;64m▀[48;2;8;8;8m [48;2;232;72;64m [48;2;8;8;8m [38;2;232;72;64m▀[38;2;128;56;64;48;2;232;72;64m▀[48;2;8;8;8m [38;2;8;8;8;48;2;152;216;160m▀[38;2;0;0;0m▀▀▀▀▀▀▀▀[0m[38;2;0;0;0m▄[0m     [38;2;0;0;0m▄▄▄[48;2;80;120;120m▀[48;2;152;216;160m▀▀[38;2;80;120;120m▀    [38;2;255;255;255m▀▀[48;2;0;0;0m  [48;2;80;120;120m [48;2;0;0;0m [0m
[38;2;0;0;0m▄[48;2;152;216;160m▀[48;2;8;8;8m  [38;2;248;128;104;48;2;248;184;152m▀[38;2;128;56;64;48;2;232;72;64m▀[38;2;8;8;8;48;2;128;56;64m▀[38;2;128;56;64;48;2;8;8;8m▀[38;2;232;72;64m▀▀  [48;2;248;208;144m [38;2;248;208;144;48;2;144;80;56m▀[38;2;248;152;96;48;2;8;8;8m▀ [38;2;64;64;64m▀[48;2;80;120;120m▀▀▀[48;2;152;216;160m▀[48;2;80;120;120m▀[38;2;0;0;0m▀[38;2;152;216;160;48;2;0;0;0m▀[48;2;152;216;160m [48;2;0;0;0m▀ [0m[38;2;0;0;0m▄[48;2;80;120;120m▀[48;2;152;216;160m▀▀[38;2;80;120;120m▀          [38;2;152;216;160;48;2;80;120;120m▀▀[38;2;80;120;120;48;2;152;216;160m▀[38;2;0;0;0m▀[38;2;152;216;160;48;2;80;120;120m▀[48;2;0;0;0m [0m
[38;2;0;0;0m▀▀[38;2;8;8;8m▀[48;2;8;8;8m [38;2;248;128;104m▀[38;2;248;184;152m▀[38;2;248;128;104;48;2;128;56;64m▀[38;2;128;56;64;48;2;8;8;8m▀[38;2;248;208;144;48;2;144;80;56m▀[48;2;248;152;96m▀[48;2;8;8;8m [38;2;8;8;8;48;2;80;120;120m▀▀▀[38;2;152;216;160;48;2;64;64;64m▀ [38;2;80;120;120m▀▀[48;2;0;0;0m▀[38;2;152;216;160m▀[48;2;80;120;120m [38;2;80;120;120;48;2;0;0;0m▀[38;2;0;0;0;48;2;80;120;120m▀[48;2;152;216;160m▀[48;2;80;120;120m▀[38;2;80;120;120;48;2;152;216;160m▀          [38;2;152;216;160;48;2;80;120;120m▀▀▀    [38;2;80;120;120;48;2;0;0;0m▀▀▀[0m[38;2;0;0;0m▀▀[0m
 [38;2;0;0;0m▄[48;2;152;216;160m▀ [38;2;8;8;8m▀[38;2;80;120;120m▀[38;2;8;8;8m▀[48;2;8;8;8m   [48;2;80;120;120m▀[48;2;152;216;160m     [38;2;80;120;120m▀[38;2;152;216;160;48;2;255;255;255m▀[48;2;80;120;120m▀[48;2;152;216;160m [48;2;0;0;0m [48;2;152;216;160m   [48;2;80;120;120m [48;2;152;216;160m     [48;2;80;120;120m▀▀▀    [38;2;80;120;120;48;2;0;0;0m▀▀▀[0m[38;2;0;0;0m▀▀▀[0m     
 [48;2;0;0;0m [48;2;80;120;120m                [38;2;255;255;255m▀[38;2;80;120;120;48;2;152;216;160m▀[38;2;152;216;160;48;2;80;120;120m▀[38;2;0;0;0;48;2;152;216;160m▀[38;2;152;216;160;48;2;0;0;0m▀[48;2;152;216;160m [38;2;64;64;64;48;2;80;120;120m▀[38;2;152;216;160;48;2;64;64;64m▀[48;2;80;120;120m▀    [38;2;80;120;120;48;2;0;0;0m▀▀▀[38;2;0;0;0;48;2;80;120;120m▀[48;2;152;216;160m▀▀[48;2;80;120;120m [48;2;0;0;0m [0m         
 [48;2;0;0;0m [48;2;80;120;120m                  [38;2;152;216;160m▀[38;2;80;120;120;48;2;152;216;160m▀[38;2;152;216;160;48;2;80;120;120m▀[38;2;0;0;0;48;2;152;216;160m▀[38;2;80;120;120;48;2;0;0;0m▀[48;2;64;64;64m▀[38;2;64;64;64;48;2;0;0;0m▀[38;2;80;120;120m▀[38;2;0;0;0;48;2;80;120;120m▀[48;2;152;216;160m▀▀[48;2;80;120;120m [38;2;152;216;160;48;2;0;0;0m▀▀[38;2;80;120;120m▀ [0m[38;2;0;0;0m▀▀[38;2;8;8;8m▀[0m         
 [48;2;0;0;0m [48;2;80;120;120m                    [38;2;152;216;160m▀[38;2;80;120;120;48;2;152;216;160m▀[38;2;152;216;160;48;2;80;120;120m▀[38;2;0;0;0;48;2;152;216;160m▀[38;2;152;216;160;48;2;0;0;0m▀[38;2;80;120;120m▀▀[38;2;0;0;0;48;2;64;64;64m▀▀▀[48;2;0;0;0m [38;2;80;120;120;48;2;152;216;160m▀[38;2;152;216;160;48;2;80;120;120m▀[48;2;152;216;160m [38;2;0;0;0m▀[0m[38;2;0;0;0m▄[0m          
 [48;2;0;0;0m [48;2;80;120;120m [38;2;80;120;120;48;2;0;0;0m▀[38;2;64;64;64;48;2;128;120;120m▀[48;2;208;184;168m▀[38;2;80;120;120;48;2;0;0;0m▀[38;2;64;64;64;48;2;128;120;120m▀[48;2;208;184;168m▀[38;2;80;120;120;48;2;0;0;0m▀[38;2;64;64;64;48;2;128;120;120m▀[48;2;208;184;168m▀[38;2;80;120;120;48;2;0;0;0m▀[38;2;64;64;64;48;2;128;120;120m▀[48;2;255;255;255m▀[38;2;80;120;120;48;2;64;64;64m▀[48;2;80;120;120m        [38;2;152;216;160m▀[38;2;80;120;120;48;2;152;216;160m▀[38;2;152;216;160;48;2;80;120;120m▀[38;2;0;0;0;48;2;152;216;160m▀[38;2;64;64;64;48;2;0;0;0m▀▀▀[38;2;0;0;0;48;2;152;216;160m▀[38;2;152;216;160;48;2;80;120;120m▀[38;2;80;120;120;48;2;152;216;160m▀    [38;2;0;0;0;48;2;80;120;120m▀[0m[38;2;0;0;0m▄[0m        
 [48;2;0;0;0m [48;2;80;120;120m [48;2;0;0;0m [38;2;0;0;0;48;2;88;80;96m▀[38;2;88;80;96;48;2;128;120;120m▀[48;2;0;0;0m [38;2;0;0;0;48;2;88;80;96m▀[38;2;88;80;96;48;2;128;120;120m▀[48;2;0;0;0m [38;2;0;0;0;48;2;88;80;96m▀[38;2;88;80;96;48;2;208;184;168m▀[48;2;0;0;0m [38;2;0;0;0;48;2;88;80;96m▀[38;2;88;80;96;48;2;208;184;168m▀[48;2;64;64;64m [48;2;80;120;120m          [38;2;152;216;160m▀[38;2;80;120;120;48;2;152;216;160m▀[38;2;152;216;160;48;2;80;120;120m▀▀▀[38;2;80;120;120;48;2;152;216;160m▀    [38;2;152;216;160;48;2;80;120;120m▀[38;2;80;120;120;48;2;152;216;160m▀ [48;2;0;0;0m [0m        
 [48;2;0;0;0m [48;2;80;120;120m [48;2;0;0;0m  [48;2;88;80;96m [48;2;0;0;0m  [48;2;88;80;96m [48;2;0;0;0m  [48;2;88;80;96m [48;2;0;0;0m  [48;2;88;80;96m [48;2;64;64;64m [48;2;80;120;120m            [38;2;152;216;160m▀[48;2;152;216;160m     [48;2;80;120;120m▀[38;2;80;120;120;48;2;152;216;160m▀   [38;2;0;0;0;48;2;64;64;64m▀[0m[38;2;0;0;0m▄[0m       
[48;2;0;0;0m [38;2;0;0;0;48;2;64;64;64m▀[48;2;80;120;120m ▀[38;2;128;120;120;48;2;0;0;0m▀[38;2;208;184;168m▀ [38;2;128;120;120m▀[38;2;208;184;168m▀ [38;2;128;120;120m▀[38;2;208;184;168m▀ [38;2;128;120;120m▀[38;2;208;184;168m▀[48;2;64;64;64m [48;2;80;120;120m              [38;2;152;216;160m▀[48;2;152;216;160m [48;2;80;120;120m▀[38;2;80;120;120;48;2;255;255;255m▀[48;2;152;216;160m    [38;2;152;216;160;48;2;64;64;64m▀[38;2;64;64;64;48;2;152;216;160m▀ [38;2;0;0;0m▀[0m[38;2;0;0;0m▄[0m     
[48;2;0;0;0m [48;2;80;120;120m                               [38;2;255;255;255;48;2;152;216;160m▀    [48;2;64;64;64m [38;2;80;120;120;48;2;0;0;0m▀[38;2;152;216;160;48;2;80;120;120m▀[48;2;152;216;160m [48;2;0;0;0m▀[0m[38;2;0;0;0m▀[0m     
[48;2;0;0;0m [48;2;80;120;120m                               [48;2;152;216;160m   [38;2;152;216;160;48;2;80;120;120m▀  [48;2;0;0;0m  [38;2;0;0;0;48;2;128;120;120m▀[48;2;0;0;0m [0m      
[48;2;0;0;0m [38;2;152;216;160m▀[38;2;80;120;120m▀▀▀▀▀▀[48;2;80;120;120m                        [38;2;152;216;160;48;2;64;64;64m▀[38;2;64;64;64;48;2;152;216;160m▀[38;2;80;120;120;48;2;0;0;0m▀[48;2;80;120;120m  [48;2;0;0;0m▀ [38;2;208;184;168m▀ [0m[38;2;0;0;0m▀[0m      
[48;2;0;0;0m [48;2;64;64;64m [48;2;0;0;0m [38;2;64;56;80;48;2;208;184;168m▀[48;2;0;0;0m▀[38;2;0;0;0;48;2;208;184;168m▀[38;2;64;56;80m▀[48;2;0;0;0m▀ [38;2;0;0;0;48;2;64;56;80m▀▀[48;2;0;0;0m [48;2;64;56;80m▀▀▀▀▀[48;2;0;0;0m [48;2;64;56;80m▀▀▀▀▀[48;2;0;0;0m [48;2;64;56;80m▀▀▀[48;2;0;0;0m [48;2;88;80;96m▀[48;2;0;0;0m [38;2;64;64;64;48;2;80;120;120m▀▀[48;2;152;216;160m   [48;2;0;0;0m  [38;2;80;120;120;48;2;152;216;160m▀[48;2;0;0;0m [0m[38;2;0;0;0m▀[0m        
[38;2;0;0;0m▀[38;2;64;64;64;48;2;0;0;0m▀[38;2;0;0;0;48;2;128;120;120m▀[48;2;0;0;0m  [48;2;152;216;160m▀▀[38;2;88;80;96;48;2;0;0;0m▀[38;2;208;184;168m▀▀ [38;2;88;80;96m▀[38;2;208;184;168m▀▀ ▀ [38;2;88;80;96m▀[38;2;208;184;168m▀▀ ▀ [38;2;88;80;96m▀[38;2;208;184;168m▀▀ [38;2;0;0;0;48;2;80;120;120m▀[48;2;152;216;160m▀[48;2;80;120;120m▀[38;2;80;120;120;48;2;0;0;0m▀[48;2;80;120;120m  [38;2;152;216;160;48;2;0;0;0m▀ [38;2;80;120;120;48;2;152;216;160m▀[48;2;0;0;0m  [0m[38;2;0;0;0m▄▄▄[38;2;40;32;48m▄[0m      
 [48;2;0;0;0m [38;2;208;184;168m▀ [38;2;152;216;160;48;2;80;120;120m▀[48;2;0;0;0m  [48;2;80;120;120m▀[48;2;0;0;0m [38;2;0;0;0;48;2;152;216;160m▀[38;2;152;216;160;48;2;0;0;0m▀▀▀[38;2;0;0;0;48;2;152;216;160m▀[48;2;0;0;0m [48;2;152;216;160m▀[38;2;152;216;160;48;2;0;0;0m▀▀▀[38;2;0;0;0;48;2;152;216;160m▀[48;2;0;0;0m [48;2;152;216;160m▀[38;2;152;216;160;48;2;0;0;0m▀▀▀[38;2;0;0;0;48;2;152;216;160m▀[48;2;0;0;0m [38;2;152;216;160;48;2;80;120;120m▀[48;2;0;0;0m  [48;2;80;120;120m [48;2;0;0;0m [38;2;0;0;0;48;2;255;255;255m▀[38;2;128;120;120;48;2;0;0;0m▀     [38;2;0;0;0;48;2;40;32;48m▀[0m[38;2;40;32;48m▀[0m       
 [38;2;0;0;0m▀[38;2;88;80;96;48;2;0;0;0m▀[38;2;0;0;0;48;2;128;120;120m▀[48;2;0;0;0m [38;2;80;120;120m▀▀  [38;2;152;216;160;48;2;80;120;120m▀[48;2;0;0;0m ▀ [48;2;80;120;120m▀[48;2;0;0;0m [48;2;80;120;120m▀[48;2;0;0;0m ▀ [48;2;80;120;120m▀[48;2;0;0;0m [48;2;80;120;120m▀[48;2;0;0;0m ▀ [48;2;80;120;120m▀[48;2;0;0;0m [38;2;80;120;120m▀▀▀▀[38;2;0;0;0;48;2;208;184;168m▀[48;2;0;0;0m     [48;2;40;32;48m▀[0m[38;2;40;32;48m▀[0m         
  [38;2;0;0;0;48;2;40;32;48m▀[48;2;0;0;0m [38;2;88;80;96m▀[38;2;208;184;168m▀[38;2;0;0;0;48;2;88;80;96m▀▀[48;2;208;184;168m▀[48;2;0;0;0m [38;2;80;120;120;48;2;88;80;96m▀▀[48;2;208;184;168m▀[48;2;0;0;0m [38;2;0;0;0;48;2;88;80;96m▀[48;2;0;0;0m [38;2;80;120;120;48;2;88;80;96m▀▀[48;2;208;184;168m▀[48;2;0;0;0m [38;2;0;0;0;48;2;88;80;96m▀[48;2;0;0;0m [38;2;80;120;120;48;2;88;80;96m▀▀[48;2;208;184;168m▀[48;2;0;0;0m [38;2;0;0;0;48;2;88;80;96m▀[48;2;8;8;8m [48;2;208;184;168m▀[48;2;0;0;0m [38;2;88;80;96m▀    [38;2;0;0;0;48;2;40;32;48m▀[0m[38;2;40;32;48m▀[0m           
 [38;2;40;32;48m▀[38;2;0;0;0m▀▀▀▀▀▀▀▀▀▀▀▀▀▀▀▀▀▀▀▀▀▀▀▀▀▀[38;2;8;8;8m▀[38;2;0;0;0m▀▀▀▀▀[38;2;40;32;48m▀[0m             
