               [38;2;0;0;0m▄[48;2;192;72;80m▀[48;2;240;72;72m▀[0m[38;2;0;0;0m▄▄[0m          [38;2;0;0;0m▄[48;2;248;144;88m▀▀▀[48;2;248;200;136m▀[0m[38;2;0;0;0m▄[0m           
              [48;2;0;0;0m [38;2;192;72;80;48;2;240;72;72m▀ [38;2;248;144;88;48;2;248;200;136m▀[38;2;240;72;72;48;2;192;72;80m▀[48;2;248;144;88m▀[38;2;0;0;0;48;2;240;72;72m▀▀[0m[38;2;0;0;0m▄▄[0m     [48;2;0;0;0m [48;2;240;72;72m    [38;2;248;144;88m▀[38;2;248;200;136;48;2;248;144;88m▀[38;2;0;0;0;48;2;248;200;136m▀[0m[38;2;0;0;0m▄[0m         
              [48;2;0;0;0m [38;2;192;72;80;48;2;240;72;72m▀[38;2;248;144;88;48;2;192;72;80m▀ [48;2;240;72;72m ▀▀[48;2;248;144;88m [38;2;240;72;72m▀▀[38;2;0;0;0;48;2;240;72;72m▀▀[0m[38;2;0;0;0m▄▄▄[48;2;240;72;72m▀      [48;2;248;200;136m [48;2;0;0;0m [0m         
               [38;2;0;0;0m▀[38;2;192;72;80;48;2;0;0;0m▀▀[38;2;240;72;72;48;2;192;72;80m▀▀[48;2;240;72;72m   [38;2;248;144;88;48;2;0;0;0m▀▀[48;2;248;144;88m [38;2;240;72;72m▀[48;2;0;0;0m [38;2;0;0;0;48;2;240;72;72m▀[48;2;248;144;88m  [38;2;240;72;72m▀[48;2;240;72;72m    [48;2;248;144;88m [48;2;0;0;0m [0m         
                  [38;2;0;0;0m▀▀[38;2;192;72;80;48;2;0;0;0m▀▀[38;2;0;0;0;48;2;192;72;80m▀[38;2;192;72;80;48;2;240;72;72m▀[38;2;240;72;72;48;2;248;144;88m▀[38;2;0;0;0;48;2;240;72;72m▀▀[48;2;0;0;0m  [38;2;240;72;72m▀[38;2;248;144;88;48;2;240;72;72m▀[48;2;248;144;88m  [38;2;240;72;72m▀▀[38;2;248;144;88;48;2;0;0;0m▀ [0m          
                  [38;2;0;0;0m▄[48;2;240;72;72m▀[38;2;240;72;72;48;2;248;144;88m▀[48;2;0;0;0m [48;2;192;72;80m▀[48;2;248;144;88m▀[38;2;248;200;136;48;2;192;72;80m▀[38;2;192;72;80;48;2;240;72;72m▀[38;2;248;144;88;48;2;248;200;136m▀[38;2;240;72;72m▀[48;2;248;144;88m▀[38;2;0;0;0;48;2;240;72;72m▀▀[48;2;0;0;0m [38;2;240;72;72m▀[38;2;0;0;0;48;2;240;72;72m▀▀[38;2;240;72;72;48;2;248;144;88m▀[48;2;0;0;0m [0m          
                  [48;2;0;0;0m [48;2;248;144;88m [48;2;248;200;136m [38;2;0;0;0m▀[38;2;240;72;72;48;2;0;0;0m▀[48;2;192;72;80m  [48;2;240;72;72m [38;2;248;144;88m▀▀[38;2;248;200;136;48;2;248;144;88m▀▀[38;2;248;144;88;48;2;248;200;136m▀[38;2;240;72;72m▀[48;2;248;144;88m▀[38;2;0;0;0;48;2;240;72;72m▀▀[38;2;240;72;72;48;2;0;0;0m▀ [0m          
                  [48;2;0;0;0m [48;2;248;144;88m [38;2;248;200;136;48;2;240;72;72m▀ [48;2;248;144;88m [38;2;0;0;0m▀▀[38;2;192;72;80;48;2;0;0;0m▀▀[38;2;240;72;72;48;2;192;72;80m▀▀[48;2;240;72;72m [38;2;248;144;88m▀▀[38;2;248;200;136;48;2;248;144;88m▀▀[38;2;248;144;88;48;2;248;200;136m▀[38;2;240;72;72m▀[48;2;248;144;88m▀[38;2;0;0;0;48;2;240;72;72m▀▀[0m[38;2;0;0;0m▄▄[0m      
                  [48;2;0;0;0m [38;2;248;144;88;48;2;240;72;72m▀[48;2;248;144;88m   [48;2;240;72;72m▀  [48;2;192;72;80m [48;2;0;0;0m [38;2;0;0;0;48;2;192;72;80m▀[38;2;192;72;80;48;2;0;0;0m▀▀[38;2;240;72;72;48;2;192;72;80m▀▀[48;2;240;72;72m [38;2;248;144;88m▀▀[38;2;248;200;136;48;2;248;144;88m▀▀[38;2;248;144;88;48;2;248;200;136m▀[38;2;240;72;72m▀[48;2;248;144;88m▀[38;2;0;0;0;48;2;192;72;80m▀[48;2;240;72;72m▀[0m[38;2;0;0;0m▄[0m   
      [38;2;0;0;0m▄[48;2;248;144;88m▀[48;2;248;200;136m▀[48;2;248;144;88m▀▀▀▀▀▀▀▀▀▀▀[38;2;240;72;72;48;2;0;0;0m▀[48;2;240;72;72m  [48;2;192;72;80m▀▀[38;2;192;72;80;48;2;0;0;0m▀ [38;2;0;0;0;48;2;240;72;72m▀[48;2;0;0;0m [38;2;96;56;72;48;2;240;72;72m▀▀[38;2;0;0;0;48;2;192;72;80m▀▀[38;2;192;72;80;48;2;0;0;0m▀▀[38;2;240;72;72;48;2;192;72;80m▀▀[48;2;240;72;72m [38;2;248;144;88m▀▀[38;2;248;200;136;48;2;248;144;88m▀[38;2;240;72;72;48;2;192;72;80m▀[48;2;248;144;88m [48;2;0;0;0m [0m   
    [38;2;0;0;0m▄[48;2;248;144;88m▀  [38;2;248;144;88;48;2;96;56;72m▀[38;2;248;200;136;48;2;248;144;88m▀[38;2;248;144;88;48;2;248;200;136m▀[48;2;248;144;88m         [38;2;240;72;72m▀[38;2;0;0;0;48;2;240;72;72m▀▀▀▀  [38;2;248;144;88m▀[38;2;0;0;0m▀[38;2;240;72;72;48;2;0;0;0m▀[48;2;240;72;72m [48;2;192;72;80m    [48;2;0;0;0m [38;2;0;0;0;48;2;192;72;80m▀[38;2;192;72;80;48;2;0;0;0m▀▀[38;2;240;72;72;48;2;192;72;80m▀▀▀[38;2;248;144;88;48;2;0;0;0m▀[0m[38;2;0;0;0m▀[0m   
  [38;2;0;0;0m▄[48;2;248;144;88m▀  [38;2;248;144;88;48;2;0;0;0m▀[48;2;96;56;72m [48;2;80;120;120m [38;2;96;56;72m▀[38;2;248;144;88;48;2;96;56;72m▀[48;2;248;200;136m [48;2;248;248;248m▀[48;2;248;144;88m         [38;2;240;72;72m▀[48;2;240;72;72m      [38;2;248;144;88m▀[38;2;0;0;0;48;2;248;144;88m▀▀▀▀▀[38;2;192;72;80m▀[48;2;240;72;72m ▀▀[38;2;0;0;0m▀▀▀[0m[38;2;0;0;0m▄[0m    
 [48;2;0;0;0m [38;2;248;144;88;48;2;248;200;136m▀[48;2;248;144;88m  [48;2;96;56;72m [38;2;80;120;120m▀[38;2;96;56;72;48;2;80;120;120m▀[48;2;96;56;72m [38;2;80;120;120m▀[48;2;80;120;120m [38;2;96;56;72m▀[38;2;248;200;136;48;2;96;56;72m▀[38;2;248;248;248;48;2;248;200;136m▀[38;2;248;144;88;48;2;248;248;248m▀[38;2;240;72;72;48;2;248;200;136m▀[38;2;248;144;88m▀▀▀▀▀▀▀▀▀▀▀▀▀[38;2;240;72;72m▀▀▀▀▀▀▀▀▀▀▀▀[48;2;248;144;88m▀▀[38;2;0;0;0m▀[0m[38;2;0;0;0m▄[0m  
[48;2;0;0;0m [38;2;0;0;0;48;2;248;248;248m▀[38;2;248;144;88;48;2;96;56;72m▀[38;2;248;200;136;48;2;248;144;88m▀[38;2;248;144;88;48;2;248;200;136m▀[48;2;248;144;88m [38;2;96;56;72;48;2;248;200;136m▀[48;2;96;56;72m [38;2;80;120;120m▀[38;2;96;56;72;48;2;80;120;120m▀[48;2;96;56;72m [48;2;248;144;88m▀[38;2;248;200;136;48;2;248;248;248m▀[38;2;248;248;248;48;2;240;72;72m▀[38;2;240;72;72;48;2;96;56;72m▀[48;2;192;72;80m▀▀▀▀[48;2;96;56;72m▀▀[48;2;240;72;72m      [48;2;192;72;80m▀▀▀[48;2;240;72;72m [48;2;192;72;80m▀▀▀▀▀▀▀▀▀▀▀▀[48;2;240;72;72m [48;2;0;0;0m [0m  
[48;2;0;0;0m [38;2;152;216;160;48;2;80;120;120m▀[38;2;248;144;88;48;2;192;72;80m▀[38;2;96;56;72;48;2;248;144;88m▀[38;2;248;144;88;48;2;96;56;72m▀[38;2;248;200;136;48;2;248;144;88m▀[38;2;248;144;88;48;2;248;200;136m▀[38;2;248;200;136;48;2;248;144;88m▀[38;2;96;56;72;48;2;248;200;136m▀[48;2;248;144;88m▀[38;2;248;144;88;48;2;248;200;136m▀[38;2;248;200;136;48;2;240;72;72m▀[38;2;240;72;72;48;2;96;56;72m▀[38;2;96;56;72;48;2;192;72;80m▀[48;2;80;120;120m      [48;2;96;56;72m [48;2;240;72;72m      [48;2;192;72;80m [38;2;240;72;72m▀ [48;2;240;72;72m [48;2;192;72;80m [48;2;240;72;72m     [48;2;192;72;80m [48;2;240;72;72m    [48;2;192;72;80m [48;2;240;72;72m [48;2;0;0;0m [0m  
 [48;2;0;0;0m [48;2;192;72;80m [48;2;96;56;72m [38;2;248;144;88;48;2;192;72;80m▀[38;2;96;56;72;48;2;248;144;88m▀[38;2;248;144;88;48;2;96;56;72m▀[38;2;248;200;136;48;2;248;144;88m▀[38;2;248;144;88;48;2;248;248;248m▀[38;2;248;200;136;48;2;240;72;72m▀[38;2;240;72;72;48;2;192;72;80m▀[38;2;96;56;72;48;2;248;144;88m▀[38;2;248;144;88;48;2;192;72;80m▀[38;2;192;72;80;48;2;240;72;72m▀[38;2;96;56;72m▀[38;2;192;72;80m▀▀▀▀[38;2;96;56;72m▀[48;2;192;72;80m▀[48;2;240;72;72m          [48;2;192;72;80m [48;2;240;72;72m     [48;2;192;72;80m [48;2;240;72;72m    [48;2;192;72;80m [48;2;240;72;72m [48;2;0;0;0m [0m  
[48;2;0;0;0m [38;2;0;0;0;48;2;248;200;136m▀[38;2;248;144;88;48;2;240;72;72m▀[38;2;96;56;72;48;2;248;144;88m▀[38;2;240;72;72;48;2;96;56;72m▀[48;2;192;72;80m [38;2;248;248;248;48;2;152;216;160m▀[48;2;192;72;80m [48;2;248;200;136m [48;2;240;72;72m  [48;2;192;72;80m  [48;2;240;72;72m       [48;2;192;72;80m [48;2;240;72;72m          [48;2;192;72;80m [48;2;240;72;72m     [48;2;192;72;80m [48;2;240;72;72m    [48;2;192;72;80m [48;2;240;72;72m [48;2;0;0;0m [0m  
[38;2;0;0;0m▀[38;2;248;144;88;48;2;0;0;0m▀[38;2;248;200;136;48;2;240;72;72m▀[38;2;240;72;72;48;2;248;200;136m▀[38;2;248;144;88;48;2;240;72;72m▀[38;2;96;56;72;48;2;248;144;88m▀[38;2;80;120;120;48;2;192;72;80m▀[38;2;192;72;80;48;2;248;144;88m▀[38;2;248;200;136;48;2;240;72;72m▀[38;2;240;72;72;48;2;248;248;248m▀[38;2;192;72;80;48;2;248;144;88m▀[38;2;248;144;88;48;2;240;72;72m▀[38;2;96;56;72m▀[38;2;192;72;80m▀▀▀▀▀▀▀[38;2;96;56;72m▀          [38;2;192;72;80m▀▀▀▀▀▀▀▀▀▀▀▀  [48;2;0;0;0m [0m 
 [48;2;0;0;0m [38;2;0;0;0;48;2;64;56;80m▀[38;2;248;144;88;48;2;0;0;0m▀[38;2;248;200;136;48;2;248;144;88m▀[38;2;240;72;72;48;2;248;200;136m▀[38;2;248;144;88;48;2;240;72;72m▀[38;2;240;72;72;48;2;192;72;80m▀[38;2;192;72;80;48;2;240;72;72m▀[38;2;240;72;72;48;2;0;0;0m▀[38;2;0;0;0;48;2;128;120;120m▀[48;2;64;56;80m▀[48;2;88;80;96m▀[48;2;64;56;80m▀▀▀[38;2;240;72;72;48;2;0;0;0m▀[48;2;240;72;72m      [48;2;0;0;0m▀[38;2;0;0;0;48;2;128;120;120m▀[48;2;64;56;80m▀[48;2;88;80;96m▀[48;2;64;56;80m▀▀▀[48;2;0;0;0m [38;2;240;72;72m▀▀▀ [38;2;0;0;0;48;2;128;120;120m▀[48;2;64;56;80m▀[48;2;88;80;96m▀[48;2;64;56;80m▀▀▀[48;2;0;0;0m  [38;2;240;72;72m▀▀ [0m 
  [38;2;0;0;0m▀[38;2;64;56;80;48;2;0;0;0m▀[38;2;0;0;0;48;2;240;72;72m▀[38;2;248;144;88;48;2;0;0;0m▀[38;2;248;200;136;48;2;248;144;88m▀[48;2;192;72;80m [38;2;0;0;0;48;2;88;80;96m▀[38;2;128;120;120;48;2;64;56;80m▀[38;2;64;56;80;48;2;40;32;48m▀[38;2;40;32;48;48;2;0;0;0m▀[38;2;0;0;0;48;2;192;72;80m▀[48;2;96;56;72m▀[38;2;40;32;48;48;2;0;0;0m▀[38;2;64;56;80;48;2;40;32;48m▀[48;2;64;56;80m [38;2;0;0;0m▀[38;2;240;72;72;48;2;0;0;0m▀[48;2;240;72;72m  [48;2;0;0;0m▀[38;2;0;0;0;48;2;88;80;96m▀[38;2;88;80;96;48;2;64;56;80m▀[38;2;64;56;80;48;2;40;32;48m▀[38;2;40;32;48;48;2;0;0;0m▀[38;2;0;0;0;48;2;96;56;72m▀▀[38;2;40;32;48;48;2;0;0;0m▀[38;2;64;56;80;48;2;40;32;48m▀[48;2;64;56;80m [38;2;0;0;0m▀[48;2;0;0;0m [48;2;88;80;96m▀[38;2;88;80;96;48;2;64;56;80m▀[38;2;64;56;80;48;2;40;32;48m▀[38;2;40;32;48;48;2;0;0;0m▀[38;2;0;0;0;48;2;96;56;72m▀▀[38;2;40;32;48;48;2;0;0;0m▀[38;2;64;56;80;48;2;40;32;48m▀[48;2;64;56;80m [38;2;0;0;0m▀[48;2;0;0;0m [0m[38;2;0;0;0m▀[0m  
 [38;2;40;32;48m▀[38;2;0;0;0;48;2;40;32;48m▀[48;2;0;0;0m   [48;2;240;72;72m▀[38;2;192;72;80;48;2;0;0;0m▀[48;2;88;80;96m [38;2;40;32;48;48;2;0;0;0m▀[38;2;0;0;0;48;2;96;56;72m▀[38;2;192;72;80m▀[38;2;96;56;72;48;2;248;144;88m▀[48;2;192;72;80m▀ [38;2;0;0;0;48;2;240;72;72m▀[38;2;40;32;48;48;2;0;0;0m▀[48;2;88;80;96m [48;2;0;0;0m [38;2;240;72;72m▀▀ [48;2;88;80;96m [38;2;40;32;48;48;2;0;0;0m▀[38;2;0;0;0;48;2;96;56;72m▀[38;2;192;72;80m▀[38;2;96;56;72;48;2;248;144;88m▀[48;2;192;72;80m▀ [38;2;0;0;0;48;2;240;72;72m▀[38;2;40;32;48;48;2;0;0;0m▀[48;2;88;80;96m [48;2;0;0;0m [48;2;88;80;96m [48;2;0;0;0m▀[38;2;0;0;0;48;2;96;56;72m▀[38;2;192;72;80m▀[38;2;96;56;72;48;2;248;144;88m▀[48;2;192;72;80m▀ [38;2;0;0;0;48;2;240;72;72m▀[38;2;40;32;48;48;2;0;0;0m▀[48;2;88;80;96m [48;2;0;0;0m [0m   
   [38;2;40;32;48m▀[38;2;0;0;0;48;2;40;32;48m▀[48;2;0;0;0m   [38;2;128;120;120;48;2;208;184;168m▀[38;2;0;0;0;48;2;40;32;48m▀[38;2;96;56;72;48;2;0;0;0m▀[48;2;192;72;80m▀ ▀[38;2;192;72;80;48;2;248;200;136m▀[38;2;248;144;88;48;2;96;56;72m▀[38;2;0;0;0;48;2;40;32;48m▀[38;2;128;120;120;48;2;88;80;96m▀[48;2;0;0;0m    [48;2;128;120;120m [38;2;0;0;0;48;2;40;32;48m▀[38;2;96;56;72;48;2;0;0;0m▀[48;2;192;72;80m▀ ▀[38;2;192;72;80;48;2;248;200;136m▀[38;2;248;144;88;48;2;96;56;72m▀[38;2;0;0;0;48;2;40;32;48m▀[38;2;128;120;120;48;2;88;80;96m▀[48;2;0;0;0m [48;2;128;120;120m [38;2;0;0;0;48;2;40;32;48m▀[38;2;96;56;72;48;2;0;0;0m▀[48;2;192;72;80m▀ ▀[38;2;192;72;80;48;2;248;200;136m▀[38;2;248;144;88;48;2;96;56;72m▀[38;2;0;0;0;48;2;40;32;48m▀[38;2;128;120;120;48;2;88;80;96m▀[48;2;0;0;0m [0m   
     [38;2;40;32;48m▀[38;2;0;0;0;48;2;40;32;48m▀[48;2;0;0;0m [38;2;88;80;96m▀[38;2;64;56;80;48;2;128;120;120m▀[38;2;40;32;48;48;2;64;56;80m▀[38;2;0;0;0;48;2;40;32;48m▀[38;2;240;72;72;48;2;0;0;0m▀[38;2;248;200;136m▀[38;2;96;56;72;48;2;40;32;48m▀[38;2;40;32;48;48;2;64;56;80m▀[38;2;64;56;80;48;2;208;184;168m▀[38;2;208;184;168;48;2;0;0;0m▀    [38;2;88;80;96m▀[38;2;64;56;80;48;2;128;120;120m▀[38;2;40;32;48;48;2;64;56;80m▀[38;2;0;0;0;48;2;40;32;48m▀[38;2;240;72;72;48;2;0;0;0m▀[38;2;248;200;136m▀[38;2;96;56;72;48;2;40;32;48m▀[38;2;40;32;48;48;2;64;56;80m▀[38;2;64;56;80;48;2;208;184;168m▀[38;2;208;184;168;48;2;0;0;0m▀ [38;2;88;80;96m▀[38;2;64;56;80;48;2;128;120;120m▀[38;2;40;32;48;48;2;64;56;80m▀[38;2;0;0;0;48;2;40;32;48m▀[38;2;240;72;72;48;2;0;0;0m▀[38;2;248;200;136m▀[38;2;96;56;72;48;2;40;32;48m▀[38;2;40;32;48;48;2;64;56;80m▀[38;2;64;56;80;48;2;208;184;168m▀[38;2;208;184;168;48;2;0;0;0m▀ [0m[38;2;40;32;48m▄[0m  
       [38;2;40;32;48m▀[38;2;0;0;0;48;2;40;32;48m▀[48;2;0;0;0m [38;2;88;80;96m▀[38;2;128;120;120m▀[38;2;88;80;96m▀[38;2;128;120;120m▀[38;2;88;80;96m▀[38;2;208;184;168m▀        [38;2;88;80;96m▀[38;2;128;120;120m▀[38;2;88;80;96m▀[38;2;128;120;120m▀[38;2;88;80;96m▀[38;2;208;184;168m▀     [38;2;88;80;96m▀[38;2;128;120;120m▀[38;2;88;80;96m▀[38;2;128;120;120m▀[38;2;88;80;96m▀[38;2;208;184;168m▀    [38;2;40;32;48m▀[0m[38;2;40;32;48m▄[0m
