                                [38;2;160;160;160m▄▄▄▄▄[48;2;255;255;255m▀▀▀▀▀▀▀▀▀▀▀▀▀▀▀[0m[38;2;160;160;160m▄▄▄▄▄[0m     
                            [38;2;160;160;160m▄▄[48;2;255;255;255m▀▀          [38;2;255;255;255;48;2;8;8;8m▀▀▀▀▀[48;2;255;255;255m          [38;2;160;160;160m▀▀[0m[38;2;160;160;160m▄▄[0m 
                           [38;2;160;160;160m▀[38;2;255;255;255;48;2;160;160;160m▀▀[48;2;255;255;255m         [48;2;8;8;8m▀[48;2;64;64;64m▀[38;2;8;8;8;48;2;104;104;104m▀[48;2;64;64;64m  ▀▀ ▀[38;2;255;255;255m▀[48;2;8;8;8m▀▀▀[48;2;255;255;255m       [48;2;160;160;160m▀▀[0m[38;2;160;160;160m▀[0m
    [38;2;160;160;160m▄▄▄▄[48;2;255;255;255m▀▀▀▀▀▀▀▀▀▀[0m[38;2;160;160;160m▄▄▄▄[0m        [38;2;160;160;160m▀▀[38;2;255;255;255;48;2;160;160;160m▀▀▀▀▀[38;2;8;8;8;48;2;248;168;104m▀[48;2;248;192;144m▀[38;2;248;136;64;48;2;248;168;104m▀[38;2;64;64;64;48;2;224;88;64m▀[48;2;8;8;8m▀[38;2;104;104;104;48;2;104;64;80m▀[38;2;248;248;248;48;2;64;64;64m▀[38;2;104;104;104m▀[48;2;104;64;80m▀[38;2;64;64;64m▀[48;2;8;8;8m▀[48;2;224;88;64m▀[38;2;248;112;64;48;2;168;72;72m▀[38;2;248;136;64;48;2;248;112;64m▀[48;2;248;136;64m [38;2;8;8;8;48;2;160;160;160m▀[38;2;255;255;255m▀▀▀▀[0m[38;2;160;160;160m▀▀[0m   
 [38;2;160;160;160m▄[48;2;255;255;255m▀▀       [38;2;255;255;255;48;2;8;8;8m▀▀▀▀▀[48;2;255;255;255m      [38;2;160;160;160m▀▀[0m[38;2;160;160;160m▄[0m       [38;2;8;8;8m▄[48;2;248;168;104m▀[48;2;248;192;144m▀[38;2;248;136;64m▀[38;2;248;168;104m▀[38;2;160;160;160;48;2;248;136;64m▀[48;2;248;112;64m▀[48;2;224;88;64m▀▀[48;2;168;72;72m▀[48;2;224;88;64m▀▀▀▀▀▀▀▀[48;2;168;72;72m▀[48;2;224;88;64m▀ [48;2;8;8;8m [0m        
[38;2;160;160;160m▀[38;2;255;255;255;48;2;160;160;160m▀[48;2;255;255;255m       [48;2;8;8;8m▀[38;2;8;8;8;48;2;64;64;64m▀ [48;2;8;8;8m  [48;2;64;64;64m  ▀[38;2;255;255;255;48;2;8;8;8m▀[48;2;255;255;255m      [48;2;160;160;160m▀[0m[38;2;160;160;160m▀[0m      [48;2;8;8;8m [38;2;248;248;248;48;2;248;192;144m▀[38;2;248;192;144;48;2;248;168;104m▀[38;2;248;168;104;48;2;248;112;64m▀[38;2;248;136;64;48;2;224;88;64m▀    [48;2;168;72;72m [48;2;224;88;64m        [48;2;168;72;72m [48;2;224;88;64m  [48;2;8;8;8m [0m        
  [38;2;160;160;160m▀▀[38;2;255;255;255;48;2;160;160;160m▀▀▀▀[48;2;8;8;8m [38;2;64;64;64m▀[48;2;64;64;64m [38;2;104;104;104m▀[48;2;160;160;160m [48;2;104;104;104m [48;2;64;64;64m   [38;2;64;64;64;48;2;8;8;8m▀[38;2;8;8;8;48;2;160;160;160m▀▀▀[38;2;255;255;255m▀[38;2;160;160;160;48;2;8;8;8m▀[0m[38;2;160;160;160m▀[0m        [48;2;8;8;8m [48;2;104;64;80m [48;2;248;136;64m [38;2;168;72;72;48;2;224;88;64m▀▀▀▀▀▀[48;2;168;72;72m [48;2;224;88;64m        [48;2;168;72;72m [48;2;224;88;64m▀▀[48;2;8;8;8m [0m        
       [48;2;8;8;8m [38;2;160;160;160;48;2;168;72;72m▀[48;2;248;248;248m▀▀[48;2;248;136;64m▀[48;2;248;112;64m▀[48;2;128;64;80m▀[48;2;248;136;64m▀▀▀▀   [38;2;248;112;64m▀[48;2;248;112;64m [48;2;8;8;8m [0m        [48;2;168;72;72m [48;2;104;64;80m [48;2;248;136;64m [48;2;224;88;64m      [48;2;168;72;72m [38;2;168;72;72;48;2;224;88;64m▀▀▀▀▀▀▀▀[48;2;168;72;72m [48;2;224;88;64m  [48;2;8;8;8m [0m        
       [48;2;8;8;8m [38;2;248;112;64;48;2;248;136;64m▀▀[38;2;248;136;64;48;2;248;112;64m▀[38;2;248;168;104;48;2;168;72;72m▀[38;2;248;112;64;48;2;128;64;80m▀▀[38;2;128;64;80;48;2;104;64;80m▀[38;2;248;112;64m▀▀[38;2;224;88;64;48;2;128;64;80m▀[38;2;104;64;80m▀▀▀[48;2;8;8;8m [0m[38;2;8;8;8m▀[0m       [38;2;8;8;8m▄[48;2;64;64;64m▀[38;2;104;64;80;48;2;248;136;64m▀[48;2;104;64;80m [48;2;248;168;104m [48;2;224;88;64m   [38;2;224;88;64;48;2;8;8;8m▀[38;2;8;8;8;48;2;104;104;104m▀[38;2;224;88;64;48;2;8;8;8m▀[48;2;168;72;72m [48;2;224;88;64m        [48;2;168;72;72m [48;2;224;88;64m  [48;2;8;8;8m [0m        
       [48;2;8;8;8m [48;2;248;136;64m [48;2;248;168;104m [48;2;248;192;144m [38;2;248;112;64;48;2;248;136;64m▀[38;2;224;88;64;48;2;248;112;64m▀[48;2;224;88;64m [38;2;128;64;80;48;2;168;72;72m▀[38;2;168;72;72;48;2;224;88;64m▀▀▀▀▀▀[48;2;8;8;8m [0m    [38;2;8;8;8m▄▄[0m [48;2;8;8;8m [48;2;104;104;104m [38;2;64;64;64;48;2;8;8;8m▀[48;2;248;136;64m [38;2;104;64;80m▀[38;2;248;168;104;48;2;224;88;64m▀ [38;2;224;88;64;48;2;8;8;8m▀[38;2;8;8;8;48;2;160;160;160m▀[48;2;104;104;104m [38;2;160;160;160m▀[38;2;8;8;8m▀[48;2;8;8;8m [48;2;224;88;64m▀▀▀▀[38;2;168;72;72;48;2;8;8;8m▀[38;2;8;8;8;48;2;64;64;64m▀▀[48;2;104;104;104m▀[38;2;168;72;72;48;2;8;8;8m▀[38;2;224;88;64;48;2;168;72;72m▀▀[48;2;8;8;8m [0m        
       [48;2;8;8;8m [48;2;248;136;64m [48;2;248;168;104m [48;2;248;192;144m [48;2;248;136;64m [48;2;248;112;64m [48;2;224;88;64m [38;2;168;72;72;48;2;128;64;80m▀[48;2;224;88;64m      [48;2;8;8;8m [38;2;8;8;8;48;2;224;88;64m▀[48;2;248;112;64m▀[48;2;248;136;64m▀[48;2;248;112;64m▀[48;2;248;136;64m [48;2;104;64;80m▀[48;2;248;136;64m▀▀[38;2;64;64;64m▀[38;2;8;8;8m▀[38;2;248;112;64;48;2;168;72;72m▀[48;2;248;136;64m [48;2;224;88;64m [38;2;224;88;64;48;2;8;8;8m▀[38;2;8;8;8;48;2;160;160;160m▀[38;2;104;104;104;48;2;8;8;8m▀[48;2;104;104;104m [48;2;64;64;64m▀[48;2;160;160;160m [48;2;104;104;104m [38;2;128;64;80;48;2;8;8;8m▀[38;2;224;88;64;48;2;248;112;64m▀▀▀▀[48;2;8;8;8m [48;2;104;104;104m [38;2;104;104;104;48;2;160;160;160m▀▀[48;2;8;8;8m [48;2;168;72;72m [48;2;8;8;8m [0m        
      [38;2;8;8;8m▄[48;2;248;168;104m▀[38;2;248;112;64;48;2;248;136;64m▀[38;2;248;136;64;48;2;224;88;64m▀[38;2;248;192;144;48;2;248;112;64m▀[38;2;248;136;64m▀ [48;2;224;88;64m [48;2;128;64;80m [48;2;224;88;64m     [38;2;224;88;64;48;2;168;72;72m▀[48;2;8;8;8m [48;2;104;64;80m▀[48;2;128;64;80m▀▀[38;2;248;112;64m▀ [38;2;104;64;80m▀[38;2;248;112;64m▀[48;2;168;72;72m▀[38;2;248;136;64m▀▀[38;2;128;64;80m▀[38;2;248;112;64;48;2;128;64;80m▀[38;2;224;88;64;48;2;168;72;72m▀[38;2;8;8;8;48;2;128;64;80m▀[38;2;104;104;104;48;2;8;8;8m▀[38;2;8;8;8;48;2;64;64;64m▀[38;2;104;104;104m▀[38;2;160;160;160;48;2;104;104;104m▀[38;2;248;248;248;48;2;160;160;160m▀[48;2;104;104;104m [48;2;8;8;8m [38;2;224;88;64;48;2;128;64;80m▀▀▀▀[48;2;8;8;8m [38;2;104;104;104;48;2;64;64;64m▀[48;2;104;104;104m  [48;2;8;8;8m [48;2;168;72;72m [48;2;8;8;8m [0m        
     [38;2;8;8;8m▄[48;2;248;136;64m▀[48;2;248;168;104m  [38;2;248;136;64m▀[38;2;224;88;64m▀[38;2;128;64;80m▀[38;2;104;64;80m▀▀[48;2;248;136;64m▀[38;2;128;64;80m▀▀▀[38;2;168;72;72m▀▀[38;2;128;64;80m▀[38;2;104;64;80m▀[38;2;168;72;72m▀▀▀▀▀▀▀▀▀▀▀▀[38;2;128;64;80m▀[38;2;168;72;72m▀[38;2;8;8;8;48;2;248;112;64m▀[38;2;64;64;64;48;2;8;8;8m▀[48;2;64;64;64m [48;2;104;104;104m▀[38;2;104;104;104;48;2;8;8;8m▀ [38;2;128;64;80m▀▀▀▀[38;2;8;8;8;48;2;128;64;80m▀[38;2;64;64;64;48;2;8;8;8m▀▀▀[38;2;8;8;8;48;2;128;64;80m▀▀▀[48;2;8;8;8m [0m        
    [38;2;8;8;8m▄[48;2;248;112;64m▀[38;2;248;168;104;48;2;8;8;8m▀[48;2;248;192;144m ▀[48;2;8;8;8m▀[38;2;8;8;8;48;2;104;64;80m▀   [38;2;248;168;104;48;2;248;192;144m▀▀▀[48;2;248;168;104m [48;2;248;112;64m▀[48;2;224;88;64m▀▀▀▀▀[48;2;248;136;64m▀[48;2;248;192;144m▀▀▀▀▀▀▀▀▀▀▀[48;2;248;168;104m [38;2;224;88;64;48;2;248;136;64m▀[38;2;8;8;8;48;2;224;88;64m▀[38;2;64;64;64;48;2;8;8;8m▀[38;2;8;8;8;48;2;128;64;80m▀[38;2;128;64;80;48;2;168;72;72m▀▀▀▀▀▀▀▀▀▀▀▀[48;2;128;64;80m [48;2;8;8;8m [0m       
    [48;2;8;8;8m [38;2;248;136;64;48;2;248;112;64m▀[48;2;8;8;8m [38;2;8;8;8;48;2;248;136;64m▀[38;2;248;136;64;48;2;8;8;8m▀[38;2;248;248;248;48;2;248;168;104m▀[48;2;248;192;144m▀[38;2;248;192;144;48;2;248;136;64m▀[38;2;248;168;104m▀[48;2;248;168;104m  [48;2;248;136;64m▀▀[48;2;224;88;64m [38;2;248;192;144;48;2;248;248;248m▀[38;2;248;168;104;48;2;248;192;144m▀▀▀▀▀[48;2;128;64;80m [48;2;248;168;104m [48;2;248;136;64m▀[48;2;248;168;104m [48;2;248;136;64m▀[48;2;248;168;104m [48;2;248;136;64m▀[48;2;248;168;104m [48;2;248;136;64m▀[48;2;248;168;104m [48;2;248;136;64m▀[48;2;248;168;104m [48;2;248;136;64m▀[48;2;248;168;104m [48;2;248;136;64m [38;2;248;112;64m▀▀▀▀[48;2;248;112;64m  [38;2;224;88;64m▀[38;2;248;112;64;48;2;224;88;64m▀[48;2;248;112;64m    [38;2;224;88;64m▀[48;2;224;88;64m [48;2;168;72;72m [48;2;8;8;8m [0m       
   [48;2;8;8;8m [38;2;248;112;64;48;2;248;136;64m▀[48;2;8;8;8m [48;2;104;64;80m [38;2;248;168;104;48;2;248;136;64m▀[48;2;8;8;8m [38;2;104;64;80;48;2;64;64;64m▀[48;2;248;136;64m [48;2;8;8;8m   [48;2;224;88;64m [38;2;248;136;64;48;2;248;112;64m▀ [38;2;224;88;64m▀[38;2;104;64;80;48;2;168;72;72m▀[48;2;224;88;64m▀▀▀▀[48;2;128;64;80m▀[38;2;128;64;80;48;2;224;88;64m▀[38;2;248;136;64;48;2;248;112;64m▀▀▀▀▀▀▀▀▀▀▀▀▀▀▀▀▀▀▀  [48;2;224;88;64m [48;2;248;112;64m     [48;2;224;88;64m [48;2;168;72;72m [48;2;8;8;8m [0m       
  [38;2;8;8;8m▄[48;2;248;112;64m▀[38;2;248;136;64;48;2;8;8;8m▀[48;2;104;64;80m [48;2;248;136;64m [38;2;8;8;8;48;2;104;64;80m▀  [48;2;248;136;64m [48;2;8;8;8m   [48;2;224;88;64m [48;2;248;112;64m [38;2;248;112;64;48;2;8;8;8m▀[48;2;248;112;64m [48;2;168;72;72m [48;2;248;112;64m [48;2;224;88;64m  [38;2;224;88;64;48;2;248;112;64m▀[48;2;128;64;80m [38;2;248;112;64;48;2;168;72;72m▀▀▀▀▀[48;2;224;88;64m▀▀▀[48;2;168;72;72m▀▀▀▀▀▀[48;2;224;88;64m▀▀▀[48;2;168;72;72m▀▀▀▀▀ [48;2;224;88;64m▀▀▀▀▀ [48;2;8;8;8m [0m        
[38;2;8;8;8m▄[48;2;248;136;64m▀[38;2;248;136;64;48;2;248;168;104m▀ [38;2;248;112;64m▀[38;2;104;64;80;48;2;248;112;64m▀[48;2;248;136;64m [48;2;104;64;80m   [48;2;248;136;64m [48;2;8;8;8m   [48;2;224;88;64m [48;2;248;112;64m [48;2;248;136;64m▀[48;2;168;72;72m  [48;2;248;112;64m [38;2;248;112;64;48;2;8;8;8m▀▀[48;2;248;112;64m [48;2;168;72;72m [48;2;224;88;64m [38;2;224;88;64;48;2;248;112;64m▀[38;2;248;112;64;48;2;8;8;8m▀▀[38;2;224;88;64;48;2;248;112;64m▀ [38;2;248;112;64;48;2;224;88;64m▀[48;2;248;112;64m  [48;2;8;8;8m▀▀[48;2;248;112;64m [48;2;224;88;64m▀[38;2;128;64;80m▀[48;2;248;112;64m [38;2;248;112;64;48;2;224;88;64m▀[38;2;224;88;64;48;2;248;112;64m▀[38;2;248;112;64;48;2;104;64;80m▀[48;2;8;8;8m▀[48;2;248;112;64m  [48;2;224;88;64m▀ [48;2;248;112;64m     [38;2;224;88;64;48;2;8;8;8m▀[0m[38;2;8;8;8m▀[0m        
[48;2;8;8;8m [48;2;248;136;64m [38;2;248;168;104;48;2;248;192;144m▀[48;2;248;168;104m   [38;2;168;72;72m▀[38;2;8;8;8m▀[38;2;104;64;80m▀▀[38;2;248;136;64m▀[38;2;8;8;8m▀▀▀[48;2;224;88;64m [48;2;248;112;64m   [48;2;168;72;72m [48;2;8;8;8m    [48;2;168;72;72m [48;2;224;88;64m [48;2;8;8;8m    [38;2;248;112;64;48;2;248;136;64m▀[48;2;224;88;64m [48;2;248;112;64m [48;2;8;8;8m    [48;2;224;88;64m  [48;2;248;112;64m [48;2;224;88;64m [48;2;8;8;8m    [38;2;248;136;64;48;2;248;168;104m▀[48;2;224;88;64m  [48;2;248;112;64m    [38;2;224;88;64;48;2;8;8;8m▀[0m[38;2;8;8;8m▀[0m         
[48;2;8;8;8m [38;2;248;112;64;48;2;224;88;64m▀[38;2;248;192;144;48;2;248;168;104m▀[48;2;248;192;144m [38;2;248;168;104m▀[48;2;248;168;104m [48;2;248;192;144m▀▀  [38;2;248;192;144;48;2;248;168;104m▀[38;2;248;168;104;48;2;248;136;64m▀[38;2;248;136;64;48;2;248;112;64m▀ [48;2;224;88;64m [48;2;248;112;64m   [48;2;168;72;72m [38;2;224;88;64;48;2;248;112;64m▀[38;2;8;8;8;48;2;248;136;64m▀[48;2;248;168;104m▀[38;2;248;168;104;48;2;224;88;64m▀[38;2;168;72;72;48;2;128;64;80m▀[48;2;224;88;64m [38;2;248;112;64m▀[38;2;8;8;8;48;2;248;136;64m▀▀[38;2;248;168;104;48;2;224;88;64m▀[38;2;224;88;64;48;2;248;112;64m▀ ▀▀[38;2;8;8;8;48;2;248;136;64m▀▀[38;2;224;88;64;48;2;248;112;64m▀ [48;2;224;88;64m [48;2;248;112;64m  [38;2;248;112;64;48;2;224;88;64m▀[38;2;8;8;8;48;2;248;112;64m▀[48;2;248;136;64m▀[38;2;224;88;64m▀[48;2;248;112;64m▀ [48;2;224;88;64m [48;2;248;112;64m   [48;2;8;8;8m▀[0m[38;2;8;8;8m▀[0m          
[38;2;8;8;8m▀[38;2;128;64;80;48;2;8;8;8m▀[48;2;248;112;64m [38;2;248;136;64m▀[38;2;248;248;248;48;2;248;168;104m▀[38;2;248;192;144;48;2;248;136;64m▀▀[38;2;248;168;104m▀▀[48;2;248;112;64m▀[38;2;248;136;64m▀[48;2;224;88;64m [48;2;248;112;64m  [48;2;224;88;64m [48;2;248;112;64m   [48;2;168;72;72m [48;2;248;112;64m    [38;2;128;64;80;48;2;104;64;80m▀[38;2;224;88;64;48;2;128;64;80m▀▀▀[48;2;168;72;72m▀▀▀▀▀▀▀[48;2;128;64;80m▀▀▀ ▀▀▀▀▀▀[48;2;168;72;72m▀▀[48;2;128;64;80m [48;2;168;72;72m▀[48;2;128;64;80m▀[48;2;8;8;8m▀[0m[38;2;8;8;8m▀[0m           
 [38;2;8;8;8m▀[38;2;128;64;80;48;2;8;8;8m▀[38;2;224;88;64;48;2;128;64;80m▀[38;2;248;112;64;48;2;224;88;64m▀[48;2;248;112;64m  [48;2;104;64;80m▀▀▀[48;2;248;112;64m [38;2;224;88;64m▀▀▀    [38;2;128;64;80m▀[38;2;168;72;72;48;2;248;136;64m▀▀[48;2;248;112;64m▀[38;2;128;64;80;48;2;224;88;64m▀[38;2;168;72;72m▀[38;2;248;112;64;48;2;248;136;64m▀[38;2;248;136;64;48;2;248;192;144m▀[38;2;248;112;64;48;2;248;136;64m▀▀▀▀▀▀▀▀▀▀▀[38;2;168;72;72m▀[48;2;248;112;64m [38;2;248;112;64;48;2;248;136;64m▀▀▀▀▀▀▀[38;2;224;88;64m▀[38;2;248;112;64m▀[48;2;248;112;64m [48;2;8;8;8m [0m            
  [48;2;8;8;8m  [48;2;104;64;80m      [48;2;224;88;64m [38;2;248;112;64m▀ ▀ ▀ ▀ ▀  [38;2;224;88;64;48;2;168;72;72m▀[48;2;248;136;64m  [38;2;248;248;248;48;2;248;192;144m▀[48;2;248;136;64m [38;2;248;168;104m▀▀▀▀▀▀▀▀▀▀  [38;2;248;112;64;48;2;224;88;64m▀[38;2;248;168;104;48;2;248;136;64m▀▀▀▀▀▀▀ [38;2;248;136;64;48;2;248;112;64m▀[48;2;8;8;8m [0m            
 [38;2;8;8;8m▄[48;2;255;255;255m▀ [48;2;8;8;8m [38;2;104;64;80m▀[48;2;104;64;80m   [48;2;168;72;72m [38;2;224;88;64m▀▀▀▀▀▀▀▀▀▀▀▀ [48;2;248;136;64m   [48;2;248;112;64m [38;2;248;136;64m▀ ▀ ▀ ▀ ▀ ▀ [48;2;224;88;64m [48;2;248;112;64m ▀ ▀ ▀ [48;2;224;88;64m▀[48;2;8;8;8m [0m             
 [38;2;8;8;8m▀[38;2;255;255;255;48;2;8;8;8m▀[38;2;8;8;8;48;2;255;255;255m▀[38;2;255;255;255;48;2;8;8;8m▀[0m[38;2;8;8;8m▀▀[38;2;128;64;80;48;2;8;8;8m▀▀▀▀[38;2;168;72;72;48;2;104;64;80m▀[38;2;128;64;80m▀[38;2;168;72;72m▀[38;2;128;64;80m▀[38;2;168;72;72m▀[38;2;128;64;80m▀[38;2;168;72;72m▀[38;2;128;64;80m▀[38;2;168;72;72m▀[38;2;128;64;80m▀[38;2;168;72;72m▀ [38;2;248;136;64;48;2;248;112;64m▀[48;2;248;136;64m  [48;2;248;112;64m [38;2;248;112;64;48;2;224;88;64m▀▀▀▀▀▀▀▀▀▀▀▀[38;2;224;88;64;48;2;168;72;72m▀[38;2;248;112;64;48;2;224;88;64m▀▀▀▀▀▀▀[48;2;8;8;8m [0m              
   [38;2;8;8;8m▀[0m       [38;2;8;8;8m▀▀[48;2;64;64;64m▀▀▀▀▀[0m[38;2;8;8;8m▀▀[48;2;8;8;8m   [38;2;224;88;64m▀[38;2;248;112;64;48;2;224;88;64m▀[38;2;248;136;64;48;2;248;112;64m▀ [38;2;224;88;64;48;2;168;72;72m▀▀▀▀▀▀▀▀▀▀▀▀[38;2;168;72;72;48;2;128;64;80m▀[38;2;224;88;64;48;2;168;72;72m▀▀▀▀[48;2;128;64;80m▀[48;2;8;8;8m▀[0m[38;2;8;8;8m▀[0m               
              [38;2;64;64;64m▀▀▀[0m  [38;2;8;8;8m▄[48;2;8;8;8m  [0m[38;2;8;8;8m▀[0m [38;2;8;8;8m▀[38;2;224;88;64;48;2;8;8;8m▀[38;2;168;72;72m▀[38;2;128;64;80m▀▀▀▀▀▀▀▀▀▀▀▀▀▀▀▀[0m[38;2;8;8;8m▀▀[0m                 
                  [48;2;8;8;8m  [38;2;8;8;8;48;2;64;64;64m▀▀[48;2;8;8;8m [0m               [48;2;8;8;8m  [38;2;8;8;8;48;2;64;64;64m▀▀[48;2;8;8;8m [0m                   
                  [38;2;8;8;8m▀[48;2;8;8;8m [38;2;64;64;64m▀▀[0m[38;2;8;8;8m▀[0m               [38;2;8;8;8m▀[48;2;8;8;8m [38;2;64;64;64m▀▀[0m[38;2;8;8;8m▀[0m                   
