                    [38;2;208;200;184m▄▄▄▄▄▄▄[48;2;255;255;255m▀▀▀▀▀▀▀▀▀▀▀▀▀▀▀[48;2;208;200;184m  [38;2;248;248;248m▀[0m[38;2;208;200;184m▄▄▄▄[38;2;248;248;248m▄[0m            
        [38;2;208;200;184m▄▄▄▄▄[48;2;255;255;255m▀▀▀▀▀▀▀     [38;2;128;120;112m▀[48;2;0;0;0m▀[38;2;255;255;255m▀▀▀▀[48;2;255;255;255m      [48;2;208;200;184m▀▀[48;2;255;255;255m [38;2;208;200;184m▀▀▀▀▀   ▀▀[48;2;208;200;184m [38;2;248;248;248m▀[0m[38;2;208;200;184m▄[38;2;248;248;248m▄▄[0m       
    [38;2;248;248;248m▄[38;2;208;200;184m▄[48;2;208;200;184m [48;2;255;255;255m▀▀                [48;2;0;0;0m [38;2;248;200;72m▀▀[48;2;144;80;48m▀[48;2;0;0;0m▀▀ [38;2;255;255;255;48;2;208;200;184m▀[48;2;255;255;255m [38;2;208;200;184m▀▀                ▀[48;2;208;200;184m  [48;2;248;248;248m [0m      
 [38;2;248;248;248m▄[48;2;208;200;184m▀ [38;2;208;200;184;48;2;255;255;255m▀                [38;2;255;255;255;48;2;208;200;184m▀▀[48;2;255;255;255m [38;2;208;200;184m▀▀[38;2;255;255;255;48;2;0;0;0m▀ [48;2;144;80;48m [48;2;0;0;0m ▀▀▀▀▀▀▀▀▀[48;2;255;255;255m            [48;2;208;200;184m▀ [38;2;208;200;184;48;2;248;248;248m▀[0m[38;2;248;248;248m▀[0m       
[48;2;248;248;248m [48;2;208;200;184m  [48;2;255;255;255m            [38;2;255;255;255;48;2;208;200;184m▀▀[48;2;255;255;255m [38;2;208;200;184m▀▀     [48;2;0;0;0m [48;2;248;200;72m [48;2;0;0;0m [38;2;144;80;48m▀  [48;2;248;200;72m [38;2;176;104;104m▀[38;2;248;200;72;48;2;176;104;104m▀[48;2;248;200;72m     [48;2;0;0;0m [38;2;0;0;0;48;2;72;72;72m▀[48;2;128;120;112m▀▀[48;2;72;72;72m▀[38;2;255;255;255;48;2;0;0;0m▀[48;2;255;255;255m  [48;2;208;200;184m▀▀ [0m[38;2;208;200;184m▀[38;2;248;248;248m▀[0m          
[38;2;248;248;248m▀[38;2;208;200;184;48;2;248;248;248m▀[48;2;208;200;184m [38;2;255;255;255m▀[48;2;255;255;255m   [48;2;208;200;184m▀▀▀▀▀[38;2;208;200;184;48;2;255;255;255m▀▀      [38;2;255;255;255;48;2;0;0;0m▀▀▀▀▀ [48;2;248;200;72m [38;2;0;0;0;48;2;216;152;72m▀[48;2;0;0;0m [38;2;248;200;72;48;2;248;248;160m▀[38;2;248;248;160;48;2;176;104;104m▀▀[48;2;216;152;72m▀[38;2;248;200;72m▀[48;2;176;104;104m [38;2;248;248;160;48;2;216;152;72m▀[38;2;248;200;72m▀▀▀▀[38;2;0;0;0;48;2;208;200;184m▀[38;2;128;120;112m▀▀▀[38;2;208;200;184;48;2;128;120;112m▀[48;2;0;0;0m▀[0m[38;2;208;200;184m▀[0m               
   [38;2;248;248;248m▀[38;2;208;200;184m▀[48;2;248;248;248m▀▀[48;2;208;200;184m  [38;2;255;255;255m▀▀▀▀▀[48;2;255;255;255m  [48;2;0;0;0m▀▀[38;2;0;0;0;48;2;255;255;255m▀▀[38;2;255;255;255;48;2;248;248;160m▀[48;2;255;255;255m [38;2;96;64;72;48;2;128;120;112m▀[38;2;248;200;72;48;2;176;104;104m▀[48;2;248;200;72m [38;2;176;104;104m▀[48;2;128;120;112m▀[38;2;248;200;72;48;2;208;200;184m▀[38;2;216;152;72m▀[38;2;248;248;160m▀[38;2;216;152;72m▀▀▀▀[38;2;176;104;104m▀[38;2;208;200;184;48;2;216;152;72m▀▀▀▀▀[38;2;128;120;112;48;2;0;0;0m▀[48;2;128;120;112m   [48;2;72;72;72m▀[48;2;0;0;0m [0m[38;2;0;0;0m▄▄▄▄▄▄▄[0m         
             [38;2;0;0;0m▄[38;2;208;200;184;48;2;255;255;255m▀[48;2;248;248;248m▀▀▀[48;2;255;255;255m▀▀▀▀[48;2;248;248;160m▀[48;2;96;64;72m▀▀[48;2;176;104;104m▀[48;2;248;200;72m▀▀[38;2;176;104;104m▀▀▀[48;2;96;64;72m▀[38;2;216;152;72;48;2;176;104;104m▀▀ ▀▀▀▀▀[48;2;0;0;0m [48;2;72;72;72m   [48;2;0;0;0m [38;2;128;120;112m▀▀▀▀▀▀▀▀[38;2;0;0;0;48;2;128;120;112m▀[0m[38;2;0;0;0m▄[38;2;208;200;184m▄▄[0m     
           [38;2;0;0;0m▄[48;2;255;255;255m▀[38;2;255;255;255;48;2;248;248;248m▀ [38;2;248;248;248;48;2;248;248;160m▀[48;2;216;152;72m▀[38;2;248;248;160m▀[38;2;96;64;72;48;2;248;248;160m▀[48;2;216;152;72m▀[38;2;255;255;255;48;2;96;64;72m▀[48;2;0;0;0m▀[48;2;96;64;72m [38;2;248;248;160m▀[38;2;96;64;72;48;2;248;248;160m▀[48;2;96;64;72m [38;2;176;104;104m▀[38;2;248;200;72;48;2;216;152;72m▀[48;2;248;200;72m [38;2;248;248;160m▀[48;2;248;248;248m▀[48;2;248;248;160m [48;2;96;64;72m [38;2;176;104;104;48;2;0;0;0m▀▀▀▀▀▀▀     [38;2;255;255;255m▀ ▀▀▀▀ [38;2;128;120;112;48;2;248;248;248m▀[38;2;248;248;248;48;2;0;0;0m▀[38;2;208;200;184m▀[38;2;0;0;0;48;2;128;120;112m▀[38;2;255;255;255;48;2;0;0;0m▀[38;2;208;200;184;48;2;255;255;255m▀▀[0m[38;2;208;200;184m▄[0m  
          [38;2;0;0;0m▄[48;2;255;255;255m▀[38;2;248;248;160;48;2;248;248;248m▀[38;2;248;248;248;48;2;255;255;255m▀ [38;2;255;255;255;48;2;0;0;0m▀[38;2;0;0;0;48;2;216;152;72m▀[38;2;216;152;72;48;2;248;248;160m▀[48;2;248;200;72m▀▀[48;2;216;152;72m [48;2;176;104;104m [38;2;0;0;0m▀[38;2;96;64;72;48;2;0;0;0m▀[48;2;176;104;104m [48;2;248;248;160m ▀[38;2;216;152;72m▀[38;2;248;248;160;48;2;248;200;72m▀▀[38;2;248;248;248m▀[38;2;248;248;160m▀ [48;2;0;0;0m [38;2;72;72;72m▀[38;2;96;64;72m▀[38;2;208;200;184;48;2;96;64;72m▀[48;2;0;0;0m▀[38;2;248;248;248;48;2;72;72;72m▀[48;2;0;0;0m▀▀[38;2;208;200;184m▀▀▀▀▀[48;2;72;72;72m▀[48;2;0;0;0m▀▀▀▀[38;2;248;248;248;48;2;208;200;184m▀[38;2;208;200;184;48;2;0;0;0m▀▀[38;2;128;120;112m▀[38;2;208;200;184;48;2;128;120;112m▀[48;2;0;0;0m [48;2;255;255;255m   [48;2;208;200;184m [0m 
          [48;2;0;0;0m [48;2;248;248;248m [48;2;255;255;255m   [48;2;0;0;0m [38;2;248;200;72;48;2;216;152;72m▀[48;2;248;200;72m [48;2;216;152;72m▀ [48;2;176;104;104m [38;2;176;104;104;48;2;0;0;0m▀▀ [48;2;248;248;160m▀[38;2;216;152;72;48;2;248;200;72m▀▀▀▀▀▀[38;2;176;104;104;48;2;216;152;72m▀[48;2;248;200;72m [48;2;0;0;0m [48;2;72;72;72m   [48;2;0;0;0m [48;2;128;120;112m [48;2;72;72;72m   [48;2;0;0;0m [38;2;255;255;255m▀[38;2;0;0;0;48;2;128;120;112m▀[38;2;128;120;112;48;2;72;72;72m▀[48;2;128;120;112m [48;2;0;0;0m [38;2;0;0;0;48;2;255;255;255m▀ [48;2;208;200;184m [48;2;255;255;255m  [38;2;128;120;112;48;2;0;0;0m▀[38;2;0;0;0;48;2;128;120;112m▀[48;2;208;200;184m [38;2;208;200;184;48;2;128;120;112m▀[48;2;255;255;255m    [48;2;208;200;184m [0m
         [38;2;0;0;0m▄[48;2;255;255;255m▀[38;2;248;248;160m▀   [48;2;0;0;0m  [38;2;144;80;48;48;2;240;152;88m▀[48;2;0;0;0m [38;2;0;0;0;48;2;248;248;248m▀[38;2;96;64;72;48;2;240;152;88m▀[48;2;128;120;112m [38;2;128;120;112;48;2;248;248;160m▀[38;2;248;248;160;48;2;216;152;72m▀[38;2;216;152;72;48;2;248;200;72m▀[38;2;96;64;72;48;2;208;200;184m▀[48;2;176;104;104m▀▀[48;2;96;64;72m   [38;2;248;200;72;48;2;216;152;72m▀ [48;2;0;0;0m [48;2;72;72;72m    [48;2;0;0;0m  [48;2;72;72;72m  [48;2;0;0;0m [38;2;0;0;0;48;2;128;120;112m▀[38;2;128;120;112;48;2;0;0;0m▀[38;2;0;0;0;48;2;255;255;255m▀[48;2;0;0;0m [48;2;128;120;112m [48;2;0;0;0m [38;2;255;255;255m▀▀[48;2;208;200;184m [38;2;0;0;0;48;2;128;120;112m▀[38;2;128;120;112;48;2;0;0;0m▀[38;2;0;0;0;48;2;120;112;88m▀[48;2;255;255;255m▀    [38;2;208;200;184;48;2;248;248;248m▀[0m 
         [48;2;0;0;0m [48;2;255;255;255m     [38;2;255;255;255;48;2;96;64;72m▀[48;2;0;0;0m [38;2;240;152;88m▀[48;2;144;80;48m▀▀[38;2;0;0;0;48;2;96;64;72m▀[48;2;248;248;160m [48;2;216;152;72m [38;2;248;248;160;48;2;248;200;72m▀[38;2;96;64;72;48;2;0;0;0m▀[38;2;176;104;104;48;2;96;64;72m▀     [48;2;216;152;72m  [48;2;0;0;0m [38;2;72;72;72m▀[48;2;72;72;72m   [48;2;0;0;0m  [48;2;72;72;72m [48;2;0;0;0m [38;2;0;0;0;48;2;128;120;112m▀[38;2;128;120;112;48;2;0;0;0m▀[38;2;0;0;0;48;2;255;255;255m▀ [38;2;255;255;255;48;2;0;0;0m▀[38;2;0;0;0;48;2;128;120;112m▀[38;2;72;72;72m▀[38;2;128;120;112;48;2;0;0;0m▀▀[0m[38;2;0;0;0m▀[38;2;208;200;184m▀[38;2;120;112;88;48;2;208;200;184m▀[38;2;255;255;255m▀[48;2;255;255;255m  [48;2;208;200;184m▀[48;2;248;248;248m▀[0m[38;2;248;248;248m▀[0m  
         [48;2;0;0;0m [38;2;96;64;72;48;2;248;248;160m▀[38;2;255;255;255;48;2;0;0;0m▀▀▀[38;2;96;64;72m▀[38;2;0;0;0;48;2;96;64;72m▀[38;2;96;64;72;48;2;176;104;104m▀[38;2;0;0;0;48;2;96;64;72m▀[48;2;176;104;104m▀[38;2;96;64;72m▀[48;2;248;248;160m▀[38;2;248;248;160;48;2;216;152;72m▀[38;2;216;152;72;48;2;248;200;72m▀[38;2;248;200;72;48;2;216;152;72m▀[38;2;0;0;0m▀[38;2;96;64;72m▀▀▀▀[48;2;248;200;72m▀▀[48;2;216;152;72m  [48;2;0;0;0m [38;2;0;0;0;48;2;72;72;72m▀▀▀▀▀[48;2;128;120;112m [48;2;0;0;0m [38;2;72;72;72;48;2;128;120;112m▀[38;2;128;120;112;48;2;0;0;0m▀[38;2;72;72;72m▀[38;2;0;0;0;48;2;128;120;112m▀▀[38;2;128;120;112;48;2;0;0;0m▀[0m[38;2;0;0;0m▀▀[0m      [38;2;208;200;184m▀▀[0m     
         [48;2;0;0;0m [38;2;248;248;160;48;2;255;255;255m▀[38;2;96;64;72;48;2;248;248;160m▀[38;2;72;72;72m▀[38;2;128;120;112;48;2;72;72;72m▀[38;2;0;0;0m▀[48;2;0;0;0m [38;2;96;64;72m▀[38;2;176;104;104m▀▀[38;2;0;0;0;48;2;176;104;104m▀[48;2;248;248;160m [48;2;216;152;72m [48;2;248;200;72m [48;2;216;152;72m          [48;2;0;0;0m [48;2;72;72;72m    [38;2;72;72;72;48;2;0;0;0m▀[38;2;128;120;112;48;2;72;72;72m▀[38;2;0;0;0;48;2;128;120;112m▀▀[38;2;128;120;112;48;2;0;0;0m▀▀[0m[38;2;0;0;0m▀▀[0m                
         [48;2;0;0;0m [48;2;255;255;255m [38;2;96;64;72;48;2;248;248;160m▀[48;2;72;72;72m▀[38;2;248;248;160m▀▀[48;2;0;0;0m▀[48;2;96;64;72m▀▀▀▀[48;2;248;248;160m [38;2;216;152;72;48;2;176;104;104m▀[48;2;248;200;72m [48;2;216;152;72m          [48;2;0;0;0m [48;2;72;72;72m [38;2;72;72;72;48;2;0;0;0m▀▀[38;2;0;0;0;48;2;128;120;112m▀▀[38;2;128;120;112;48;2;0;0;0m▀[0m[38;2;0;0;0m▀▀[0m                    
          [48;2;0;0;0m [48;2;248;248;248m [38;2;128;120;112;48;2;248;248;160m▀[48;2;72;72;72m   [48;2;0;0;0m [48;2;96;64;72m   [48;2;248;248;160m [48;2;176;104;104m [48;2;248;200;72m [48;2;216;152;72m         [48;2;0;0;0m [38;2;0;0;0;48;2;72;72;72m▀▀[38;2;128;120;112;48;2;0;0;0m▀▀[0m[38;2;0;0;0m▀▀[0m                       
          [38;2;0;0;0m▀[38;2;128;120;112;48;2;72;72;72m▀[38;2;248;248;248;48;2;248;248;160m▀[38;2;96;64;72;48;2;248;200;72m▀[38;2;72;72;72;48;2;96;64;72m▀[48;2;0;0;0m▀   [38;2;96;64;72;48;2;216;152;72m▀[38;2;248;248;160;48;2;248;200;72m▀[38;2;248;200;72;48;2;216;152;72m▀[38;2;176;104;104;48;2;248;200;72m▀[38;2;248;200;72;48;2;216;152;72m▀[38;2;216;152;72;48;2;248;200;72m▀[48;2;176;104;104m▀[48;2;0;0;0m▀▀▀▀[48;2;96;64;72m▀[38;2;176;104;104m▀[38;2;0;0;0;48;2;248;200;72m▀[48;2;0;0;0m    [0m[38;2;0;0;0m▄▄▄[0m                      
     [38;2;0;0;0m▄[0m     [38;2;0;0;0m▀[38;2;216;152;72;48;2;0;0;0m▀[38;2;248;248;248;48;2;216;152;72m▀[38;2;248;200;72;48;2;248;248;248m▀[38;2;96;64;72;48;2;248;200;72m▀[48;2;96;64;72m   [48;2;248;200;72m [48;2;216;152;72m     [48;2;0;0;0m [38;2;128;120;112m▀[38;2;248;248;248m▀[38;2;208;200;184;48;2;248;248;248m▀[38;2;128;120;112m▀[48;2;208;200;184m▀▀[38;2;248;248;248;48;2;96;64;72m▀[38;2;248;200;72;48;2;248;248;160m▀[38;2;0;0;0;48;2;248;200;72m▀[38;2;128;120;112;48;2;0;0;0m▀[48;2;208;200;184m▀▀▀▀[48;2;0;0;0m [0m                     
    [48;2;0;0;0m [38;2;208;200;184;48;2;128;120;112m▀[48;2;0;0;0m [0m[38;2;0;0;0m▄[0m     [48;2;0;0;0m [38;2;176;104;104m▀[48;2;216;152;72m▀[38;2;248;200;72m▀▀▀[38;2;216;152;72;48;2;176;104;104m▀ ▀ ▀ [48;2;0;0;0m [38;2;0;0;0;48;2;72;72;72m▀▀[38;2;128;120;112m▀▀▀▀[48;2;96;64;72m [48;2;248;200;72m [48;2;216;152;72m [48;2;0;0;0m [48;2;72;72;72m▀▀▀▀[48;2;0;0;0m [0m                     
     [38;2;0;0;0m▀[38;2;128;120;112;48;2;0;0;0m▀▀[38;2;0;0;0;48;2;128;120;112m▀▀[48;2;72;72;72m▀▀▀[48;2;0;0;0m [48;2;176;104;104m▀▀▀▀[38;2;176;104;104;48;2;0;0;0m▀▀▀▀▀▀[48;2;72;72;72m [38;2;96;64;72;48;2;0;0;0m▀[38;2;0;0;0;48;2;128;120;112m▀[48;2;208;200;184m▀[48;2;128;120;112m▀▀▀▀[48;2;96;64;72m [48;2;248;200;72m [48;2;216;152;72m [48;2;0;0;0m [48;2;128;120;112m▀▀▀▀[0m[38;2;0;0;0m▄[0m                     
        [38;2;0;0;0m▀▀[48;2;0;0;0m [48;2;248;248;248m▀[48;2;72;72;72m▀[48;2;128;120;112m▀[48;2;72;72;72m▀▀[38;2;216;152;72;48;2;0;0;0m▀[38;2;176;104;104m▀[38;2;96;64;72m▀ [38;2;0;0;0;48;2;255;255;255m▀▀[48;2;0;0;0m [48;2;128;120;112m [48;2;0;0;0m  [38;2;56;48;56m▀ [38;2;248;248;248;48;2;128;120;112m▀▀[38;2;208;200;184m▀▀[48;2;96;64;72m [48;2;248;200;72m [48;2;216;152;72m [48;2;0;0;0m [48;2;128;120;112m▀▀▀▀[48;2;0;0;0m [0m                     
           [38;2;0;0;0m▀[48;2;0;0;0m [48;2;255;255;255m▀▀▀▀    [48;2;0;0;0m [48;2;128;120;112m [48;2;0;0;0m [48;2;255;255;255m ▀[38;2;72;72;72;48;2;0;0;0m▀▀▀▀▀▀[38;2;96;64;72m▀[38;2;216;152;72m▀▀ [38;2;72;72;72m▀▀▀▀[0m[38;2;0;0;0m▀[0m                     
           [48;2;0;0;0m [38;2;248;248;248;48;2;208;200;184m▀[48;2;0;0;0m [38;2;255;255;255m▀[48;2;255;255;255m     [48;2;0;0;0m [48;2;128;120;112m [48;2;0;0;0m [48;2;255;255;255m        [48;2;0;0;0m  [0m                             
            [38;2;0;0;0m▀[38;2;208;200;184;48;2;0;0;0m▀▀[38;2;0;0;0;48;2;208;200;184m▀▀▀▀[48;2;128;120;112m▀[38;2;72;72;72;48;2;208;200;184m▀[38;2;0;0;0m▀[48;2;128;120;112m▀▀▀▀▀▀▀▀▀▀▀▀▀▀▀▀▀▀▀▀[48;2;0;0;0m [0m                   
               [38;2;0;0;0m▀▀▀▀▀▀▀▀▀▀▀▀▀▀▀▀▀▀▀▀▀▀▀▀▀▀▀▀[0m                   
