              [38;2;0;0;0m▄[48;2;208;184;168m▀▀▀▀[48;2;128;120;120m▀▀[48;2;208;184;168m▀▀▀▀▀▀▀[48;2;128;120;120m▀▀[48;2;208;184;168m▀[48;2;128;120;120m▀[48;2;208;184;168m▀▀▀▀▀▀[48;2;128;120;120m▀[0m[38;2;0;0;0m▄[0m        
              [48;2;0;0;0m [38;2;208;184;168;48;2;128;120;120m▀▀[38;2;128;120;120;48;2;208;184;168m▀[48;2;128;120;120m      [38;2;208;184;168m▀▀▀[48;2;208;184;168m  [38;2;128;120;120m▀[48;2;128;120;120m    [38;2;208;184;168m▀▀▀[48;2;208;184;168m  [38;2;128;120;120m▀[38;2;0;0;0;48;2;128;120;120m▀[0m[38;2;0;0;0m▄[0m      
              [48;2;0;0;0m  [38;2;128;120;120m▀[48;2;128;120;120m [38;2;208;184;168m▀[38;2;128;120;120;48;2;208;184;168m▀[48;2;128;120;120m         [38;2;208;184;168m▀[48;2;208;184;168m [38;2;128;120;120m▀[48;2;128;120;120m       [38;2;208;184;168m▀▀[38;2;128;120;120;48;2;208;184;168m▀[38;2;0;0;0;48;2;128;120;120m▀[0m[38;2;0;0;0m▄[0m    
              [38;2;0;0;0;48;2;8;8;8m▀[38;2;8;8;8;48;2;136;232;168m▀[38;2;224;216;80;48;2;8;8;8m▀[38;2;0;0;0m▀[38;2;128;120;120;48;2;0;0;0m▀[48;2;128;120;120m [38;2;208;184;168m▀[38;2;128;120;120;48;2;208;184;168m▀▀▀[48;2;128;120;120m         [48;2;208;184;168m▀[48;2;128;120;120m        [38;2;208;184;168m▀[38;2;128;120;120;48;2;208;184;168m▀[38;2;0;0;0;48;2;128;120;120m▀[0m[38;2;0;0;0m▄[0m  
 [38;2;0;0;0m▄[48;2;152;216;160m▀[48;2;216;152;72m▀[48;2;248;200;72m▀[0m[38;2;0;0;0m▄[0m        [48;2;8;8;8m [38;2;0;104;136m▀ [38;2;136;232;168;48;2;0;104;136m▀[38;2;224;216;80;48;2;8;8;8m▀[38;2;0;0;0m▀[38;2;128;120;120;48;2;0;0;0m▀[48;2;128;120;120m [38;2;248;248;248;48;2;208;184;168m▀[48;2;128;120;120m▀[38;2;208;184;168m▀▀▀▀▀▀▀ ▀ ▀ ▀ ▀ ▀▀▀▀▀ [38;2;0;0;0m▀[0m[38;2;0;0;0m▄[0m
 [48;2;0;0;0m [48;2;248;248;248m [38;2;216;152;72;48;2;176;104;104m▀[38;2;248;200;72;48;2;216;152;72m▀[48;2;0;0;0m [0m[38;2;0;0;0m▄▄▄▄▄▄▄▄[48;2;0;0;0m [48;2;8;8;8m [38;2;144;80;56;48;2;248;208;144m▀[48;2;8;8;8m [38;2;8;8;8;48;2;144;80;56m▀[48;2;8;8;8m [48;2;176;104;104m [48;2;0;0;0m [38;2;128;120;120;48;2;216;152;72m▀[48;2;0;0;0m [38;2;0;0;0;48;2;176;104;104m▀▀▀[38;2;96;64;72m▀▀▀▀▀▀[38;2;0;0;0m▀[38;2;176;104;104;48;2;248;200;72m▀[48;2;0;0;0m [38;2;0;0;0;48;2;176;104;104m▀▀▀[38;2;96;64;72m▀▀▀▀▀[38;2;0;0;0m▀▀[38;2;176;104;104;48;2;248;200;72m▀[48;2;0;0;0m [0m
 [48;2;0;0;0m [38;2;152;216;160;48;2;80;120;120m▀[48;2;216;152;72m [38;2;248;248;160;48;2;248;200;72m▀[38;2;216;152;72;48;2;248;248;160m▀[48;2;248;200;72m▀▀▀▀▀▀▀[38;2;248;200;72;48;2;216;152;72m▀▀[38;2;8;8;8;48;2;248;200;72m▀[38;2;248;152;96;48;2;8;8;8m▀[38;2;248;208;144;48;2;248;152;96m▀[38;2;248;152;96;48;2;144;80;56m▀[48;2;8;8;8m [48;2;176;104;104m [48;2;0;0;0m [48;2;248;200;72m [48;2;0;0;0m [48;2;176;104;104m [48;2;216;152;72m         [48;2;248;200;72m [48;2;0;0;0m [48;2;176;104;104m [48;2;216;152;72m         [48;2;248;200;72m [48;2;0;0;0m [0m
 [38;2;0;0;0m▀[38;2;80;120;120;48;2;0;0;0m▀[48;2;248;200;72m [38;2;216;152;72;48;2;248;248;160m▀[38;2;248;200;72;48;2;216;152;72m▀[38;2;248;248;160;48;2;248;200;72m▀[38;2;248;200;72;48;2;248;248;160m▀[38;2;248;248;160;48;2;248;200;72m▀▀▀▀▀▀▀[38;2;216;152;72m▀[38;2;248;200;72;48;2;216;152;72m▀[38;2;8;8;8m▀[48;2;0;0;0m▀[38;2;128;88;88;48;2;176;104;104m▀ [48;2;0;0;0m [48;2;248;200;72m [48;2;0;0;0m [48;2;248;200;72m [38;2;248;248;160;48;2;96;64;72m▀[38;2;248;200;72m▀▀▀▀[38;2;216;152;72m▀[38;2;248;200;72m▀▀[38;2;216;152;72;48;2;176;104;104m▀[48;2;248;200;72m [48;2;0;0;0m [48;2;248;200;72m [38;2;248;200;72;48;2;96;64;72m▀▀▀▀▀[38;2;216;152;72m▀[38;2;248;200;72m▀▀[48;2;176;104;104m [48;2;248;200;72m [48;2;0;0;0m [0m
  [48;2;0;0;0m [38;2;96;64;72;48;2;176;104;104m▀[48;2;248;200;72m [38;2;248;248;160m▀[38;2;216;152;72;48;2;248;248;160m▀[38;2;248;200;72;48;2;216;152;72m▀[38;2;248;248;160;48;2;248;200;72m▀[38;2;248;200;72;48;2;248;248;160m▀[48;2;248;200;72m [48;2;96;64;72m▀▀▀[48;2;248;200;72m   [48;2;216;152;72m ▀[38;2;0;0;0;48;2;248;200;72m▀[38;2;176;104;104;48;2;0;0;0m▀ [48;2;248;200;72m [48;2;0;0;0m [38;2;248;200;72;48;2;216;152;72m▀[38;2;216;152;72;48;2;176;104;104m▀▀▀[38;2;248;200;72m▀▀▀▀▀ [48;2;248;200;72m [48;2;0;0;0m [48;2;216;152;72m▀[38;2;216;152;72;48;2;176;104;104m▀▀[38;2;248;200;72m▀▀▀▀▀▀ [48;2;248;200;72m [48;2;0;0;0m [0m
  [48;2;0;0;0m [48;2;176;104;104m [48;2;248;200;72m [38;2;96;64;72;48;2;176;104;104m▀[48;2;248;200;72m [38;2;248;248;160m▀[38;2;216;152;72;48;2;248;248;248m▀[38;2;248;248;248;48;2;248;248;160m▀[48;2;0;0;0m [38;2;152;216;160;48;2;248;248;248m▀[48;2;216;152;72m [38;2;248;200;72;48;2;248;248;160m▀[48;2;0;0;0m [38;2;248;248;160;48;2;216;152;72m▀▀▀▀▀▀[48;2;0;0;0m [48;2;248;200;72m [48;2;0;0;0m [48;2;176;104;104m [48;2;216;152;72m         [48;2;248;200;72m [48;2;0;0;0m [48;2;176;104;104m [48;2;216;152;72m         [48;2;248;200;72m [48;2;0;0;0m [0m
  [48;2;0;0;0m [48;2;176;104;104m [48;2;248;200;72m [48;2;176;104;104m [48;2;248;200;72m [38;2;96;64;72;48;2;176;104;104m▀[48;2;248;200;72m [48;2;248;248;160m [48;2;0;0;0m [38;2;248;248;248;48;2;152;216;160m▀[38;2;216;152;72;48;2;176;104;104m▀[38;2;248;248;160;48;2;248;200;72m▀[48;2;0;0;0m [48;2;176;104;104m [48;2;216;152;72m     [48;2;0;0;0m [48;2;248;200;72m [38;2;0;0;0;48;2;96;64;72m▀[48;2;176;104;104m [48;2;216;152;72m   [38;2;216;152;72;48;2;248;200;72m▀▀▀▀▀[48;2;216;152;72m [48;2;248;200;72m [48;2;0;0;0m [48;2;176;104;104m [48;2;216;152;72m     [48;2;248;200;72m▀▀▀▀ [48;2;0;0;0m [0m
  [48;2;0;0;0m [48;2;176;104;104m [48;2;248;200;72m [48;2;176;104;104m [48;2;248;200;72m [48;2;176;104;104m [48;2;248;200;72m [48;2;248;248;160m [48;2;0;0;0m [48;2;80;120;120m [48;2;176;104;104m [38;2;248;200;72;48;2;216;152;72m▀[48;2;0;0;0m [48;2;176;104;104m [48;2;216;152;72m     [48;2;0;0;0m [48;2;216;152;72m▀[48;2;96;64;72m [38;2;176;104;104;48;2;248;200;72m▀[48;2;216;152;72m▀▀▀▀▀▀▀▀▀▀▀▀▀▀▀▀▀▀▀[48;2;248;200;72m▀[48;2;176;104;104m [48;2;248;200;72m [48;2;0;0;0m [0m
  [48;2;0;0;0m [38;2;248;200;72;48;2;216;152;72m▀[48;2;248;200;72m [48;2;176;104;104m [48;2;248;200;72m [48;2;176;104;104m [48;2;248;200;72m [48;2;248;248;160m [38;2;176;104;104;48;2;216;152;72m▀[38;2;0;0;0m▀▀▀[38;2;176;104;104m▀      [48;2;0;0;0m [48;2;216;152;72m [48;2;176;104;104m [38;2;216;152;72;48;2;248;200;72m▀[48;2;216;152;72m                   [48;2;248;200;72m▀[48;2;176;104;104m [48;2;248;200;72m [48;2;0;0;0m [0m
 [38;2;0;0;0m▄[48;2;128;120;120m▀[38;2;248;248;160;48;2;216;152;72m▀[38;2;216;152;72;48;2;248;248;160m▀[38;2;248;200;72;48;2;216;152;72m▀[48;2;248;200;72m [48;2;176;104;104m [48;2;248;200;72m [48;2;248;248;160m [48;2;216;152;72m [48;2;96;64;72m [48;2;216;152;72m [48;2;96;64;72m [48;2;216;152;72m [48;2;96;64;72m [48;2;216;152;72m [48;2;96;64;72m [48;2;216;152;72m [48;2;96;64;72m [48;2;216;152;72m [48;2;0;0;0m [48;2;216;152;72m [38;2;176;104;104;48;2;96;64;72m▀[38;2;216;152;72;48;2;248;200;72m▀[48;2;216;152;72m [48;2;248;200;72m▀[48;2;216;152;72m [48;2;248;200;72m▀[48;2;216;152;72m [48;2;248;200;72m▀[48;2;216;152;72m [48;2;248;200;72m▀[48;2;216;152;72m [48;2;248;200;72m▀[48;2;216;152;72m [48;2;248;200;72m▀[48;2;216;152;72m [48;2;248;200;72m▀[48;2;216;152;72m [48;2;248;200;72m▀[48;2;216;152;72m [48;2;248;200;72m▀[48;2;216;152;72m [48;2;248;200;72m▀[48;2;176;104;104m [48;2;248;200;72m [48;2;0;0;0m [0m
[38;2;0;0;0m▄[48;2;0;0;0m [48;2;128;120;120m [48;2;216;152;72m  [38;2;248;248;160m▀[38;2;216;152;72;48;2;248;248;160m▀[38;2;248;200;72;48;2;216;152;72m▀[48;2;248;200;72m [48;2;248;248;160m [38;2;216;152;72;48;2;176;104;104m▀ ▀ ▀ ▀ ▀ ▀[48;2;0;0;0m [48;2;216;152;72m [48;2;96;64;72m [48;2;0;0;0m▀▀▀▀▀▀▀▀▀▀▀▀▀▀▀▀▀▀▀▀▀[38;2;176;104;104m▀[38;2;248;200;72m▀ [0m
[48;2;0;0;0m [38;2;208;184;168;48;2;128;120;120m▀[38;2;0;0;0;48;2;208;184;168m▀[48;2;0;0;0m [38;2;216;152;72m▀[48;2;216;152;72m  [38;2;248;248;160m▀[48;2;248;248;248m [38;2;176;104;104;48;2;248;200;72m▀[38;2;248;200;72;48;2;216;152;72m▀[48;2;176;104;104m▀▀▀▀▀▀▀▀▀▀[38;2;0;0;0m▀[38;2;216;152;72m▀[38;2;248;200;72m▀▀▀▀▀▀▀▀▀▀▀▀▀▀▀▀[38;2;216;152;72m▀▀▀[38;2;248;200;72m▀▀▀▀▀[48;2;0;0;0m [0m
[48;2;0;0;0m [38;2;128;120;120m▀[48;2;128;120;120m [48;2;0;0;0m   [38;2;216;152;72m▀[48;2;216;152;72m [38;2;248;248;160;48;2;0;0;0m▀  [38;2;0;0;0;48;2;128;120;120m▀[48;2;208;184;168m▀▀[48;2;128;120;120m▀[48;2;208;184;168m▀[48;2;0;0;0m [48;2;128;120;120m▀[48;2;208;184;168m▀▀[48;2;128;120;120m▀[48;2;208;184;168m▀[48;2;0;0;0m [48;2;128;120;120m▀[48;2;208;184;168m▀▀[48;2;128;120;120m▀[48;2;208;184;168m▀[48;2;0;0;0m [48;2;128;120;120m▀[48;2;208;184;168m▀▀[48;2;128;120;120m▀[48;2;208;184;168m▀[48;2;0;0;0m [48;2;128;120;120m▀[48;2;208;184;168m▀▀[48;2;128;120;120m▀[48;2;208;184;168m▀[48;2;0;0;0m [48;2;128;120;120m▀[48;2;208;184;168m▀▀[38;2;216;152;72;48;2;128;120;120m▀[48;2;0;0;0m▀[48;2;216;152;72m [48;2;0;0;0m [0m
[38;2;0;0;0m▀[38;2;88;80;96;48;2;0;0;0m▀[38;2;0;0;0;48;2;88;80;96m▀[48;2;0;0;0m     [48;2;88;80;96m▀[38;2;208;184;168;48;2;128;120;120m▀[38;2;0;0;0;48;2;208;184;168m▀[38;2;248;248;248;48;2;128;120;120m▀[38;2;128;120;120;48;2;0;0;0m▀[38;2;208;184;168m▀▀[38;2;128;120;120m▀[38;2;208;184;168;48;2;128;120;120m▀[38;2;248;248;248m▀[38;2;128;120;120;48;2;0;0;0m▀[38;2;208;184;168m▀▀[38;2;128;120;120m▀[38;2;208;184;168;48;2;128;120;120m▀[38;2;248;248;248m▀[38;2;128;120;120;48;2;0;0;0m▀[38;2;208;184;168m▀▀[38;2;128;120;120m▀[38;2;208;184;168;48;2;128;120;120m▀[38;2;248;248;248m▀[38;2;128;120;120;48;2;0;0;0m▀[38;2;208;184;168m▀▀[38;2;128;120;120m▀[38;2;208;184;168;48;2;128;120;120m▀[38;2;248;248;248m▀[38;2;128;120;120;48;2;0;0;0m▀[38;2;208;184;168m▀▀[38;2;128;120;120m▀[38;2;208;184;168;48;2;128;120;120m▀[38;2;248;248;248m▀[38;2;128;120;120;48;2;0;0;0m▀[38;2;208;184;168m▀▀[38;2;128;120;120;48;2;88;80;96m▀[48;2;0;0;0m  [0m
  [38;2;0;0;0m▀[38;2;88;80;96;48;2;0;0;0m▀   [38;2;248;248;248;48;2;208;184;168m▀[38;2;0;0;0;48;2;248;248;248m▀[38;2;88;80;96;48;2;0;0;0m▀[38;2;0;0;0;48;2;176;104;104m▀[48;2;216;152;72m▀[48;2;0;0;0m       [48;2;216;152;72m  [48;2;0;0;0m     [48;2;216;152;72m [48;2;0;0;0m      [48;2;216;152;72m [48;2;0;0;0m     [48;2;216;152;72m  [48;2;0;0;0m [48;2;216;152;72m▀▀▀[48;2;0;0;0m [48;2;128;120;120m [48;2;0;0;0m [0m
[38;2;40;32;48m▄[38;2;0;0;0m▄▄▄[48;2;0;0;0m   [38;2;128;120;120m▀[48;2;208;184;168m [48;2;176;104;104m [48;2;96;64;72m  [48;2;216;152;72m [48;2;0;0;0m  [38;2;0;0;0;48;2;216;152;72m▀▀▀▀[48;2;0;0;0m   [48;2;216;152;72m▀▀▀▀[48;2;0;0;0m   [48;2;216;152;72m▀▀▀▀[48;2;0;0;0m   [48;2;216;152;72m▀▀▀▀[48;2;0;0;0m [48;2;216;152;72m [48;2;176;104;104m [38;2;176;104;104;48;2;216;152;72m▀[48;2;176;104;104m [48;2;216;152;72m [38;2;128;120;120;48;2;88;80;96m▀[48;2;0;0;0m [0m
 [38;2;40;32;48m▀[38;2;0;0;0;48;2;40;32;48m▀[48;2;0;0;0m    [38;2;208;184;168;48;2;128;120;120m▀[38;2;0;0;0;48;2;208;184;168m▀[48;2;0;0;0m [38;2;216;152;72m▀▀  [48;2;216;152;72m [48;2;0;0;0m [38;2;0;0;0;48;2;176;104;104m▀▀[48;2;0;0;0m [48;2;216;152;72m [48;2;0;0;0m [48;2;216;152;72m [48;2;0;0;0m [48;2;176;104;104m▀▀[48;2;0;0;0m [48;2;216;152;72m [48;2;0;0;0m [48;2;216;152;72m [48;2;0;0;0m [48;2;176;104;104m▀▀[48;2;0;0;0m [48;2;216;152;72m [48;2;0;0;0m [48;2;216;152;72m [48;2;0;0;0m [48;2;176;104;104m▀▀[48;2;0;0;0m [48;2;216;152;72m [38;2;216;152;72;48;2;0;0;0m▀[38;2;176;104;104;48;2;216;152;72m▀▀▀[38;2;216;152;72;48;2;0;0;0m▀[38;2;0;0;0;48;2;128;120;120m▀[48;2;0;0;0m [0m
   [38;2;40;32;48m▀[38;2;0;0;0;48;2;40;32;48m▀[48;2;0;0;0m   [48;2;88;80;96m▀[48;2;128;120;120m▀[48;2;0;0;0m    [48;2;216;152;72m [48;2;0;0;0m [38;2;176;104;104m▀▀ [48;2;216;152;72m [48;2;0;0;0m [48;2;216;152;72m [48;2;0;0;0m ▀▀ [48;2;216;152;72m [48;2;0;0;0m [48;2;216;152;72m [48;2;0;0;0m ▀▀ [48;2;216;152;72m [48;2;0;0;0m [48;2;216;152;72m [48;2;0;0;0m ▀▀ [48;2;216;152;72m [48;2;0;0;0m     [38;2;128;120;120;48;2;88;80;96m▀[48;2;0;0;0m [0m
     [38;2;40;32;48m▀[38;2;0;0;0;48;2;40;32;48m▀[48;2;0;0;0m  [38;2;88;80;96m▀[38;2;128;120;120;48;2;88;80;96m▀[38;2;0;0;0;48;2;128;120;120m▀[48;2;0;0;0m   [38;2;216;152;72m▀▀▀[38;2;248;248;160m▀   [38;2;216;152;72m▀▀▀[38;2;248;248;160m▀   [38;2;216;152;72m▀▀▀[38;2;248;248;160m▀   [38;2;216;152;72m▀▀▀[38;2;248;248;160m▀    [38;2;0;0;0;48;2;88;80;96m▀[38;2;88;80;96;48;2;0;0;0m▀[0m[38;2;0;0;0m▀[0m 
       [38;2;40;32;48m▀[38;2;0;0;0;48;2;40;32;48m▀[48;2;0;0;0m    [38;2;208;184;168m▀[38;2;88;80;96m▀ [38;2;248;248;248m▀[38;2;88;80;96m▀ [38;2;208;184;168m▀[38;2;88;80;96m▀ [38;2;208;184;168m▀[38;2;88;80;96m▀ [38;2;208;184;168m▀[38;2;88;80;96m▀ [38;2;208;184;168m▀[38;2;88;80;96m▀ [38;2;208;184;168m▀[38;2;88;80;96m▀ [38;2;208;184;168m▀[38;2;88;80;96m▀ [38;2;208;184;168m▀[38;2;88;80;96m▀ [38;2;208;184;168m▀[38;2;88;80;96m▀ ▀  [38;2;40;32;48m▀[0m[38;2;40;32;48m▄[0m
