             [38;2;8;8;8m▄[48;2;224;216;80m▀[48;2;200;152;80m▀[48;2;128;88;88m▀▀▀[0m[38;2;8;8;8m▄▄[0m          
           [38;2;8;8;8m▄[48;2;200;152;80m▀[38;2;224;216;80m▀[38;2;200;152;80;48;2;248;240;240m▀[48;2;128;88;88m▀[38;2;224;216;80;48;2;248;248;136m▀[48;2;224;216;80m [38;2;200;152;80m▀[38;2;128;88;88;48;2;200;152;80m▀▀[48;2;8;8;8m [0m         
          [48;2;8;8;8m [38;2;224;216;80;48;2;248;248;136m▀[38;2;128;88;88;48;2;224;216;80m▀[38;2;200;152;80;48;2;128;88;88m▀▀[38;2;224;216;80;48;2;248;248;136m▀ [48;2;224;216;80m  [48;2;200;152;80m  [48;2;8;8;8m [0m     [38;2;8;8;8m▄▄▄[0m 
[38;2;8;8;8m▄[48;2;56;48;56m▀[48;2;192;168;144m▀[48;2;112;112;96m▀▀▀▀▀▀▀▀[38;2;224;216;80;48;2;8;8;8m▀[38;2;248;248;136;48;2;224;216;80m▀▀[38;2;224;216;80;48;2;248;248;136m▀[38;2;128;88;88;48;2;224;216;80m▀▀[38;2;224;216;80;48;2;128;88;88m▀[48;2;200;152;80m▀ [38;2;200;152;80;48;2;128;88;88m▀[48;2;8;8;8m [38;2;8;8;8;48;2;112;112;96m▀▀▀▀▀▀[38;2;112;112;96;48;2;8;8;8m▀▀ [0m
[48;2;8;8;8m [48;2;112;112;96m [48;2;8;8;8m [38;2;248;240;240;48;2;192;168;144m▀[48;2;112;112;96m [38;2;192;168;144m▀▀▀▀▀▀ [48;2;8;8;8m [38;2;8;8;8;48;2;248;152;96m▀[48;2;8;8;8m [38;2;128;88;88;48;2;248;240;240m▀[38;2;200;152;80;48;2;8;8;8m▀▀[38;2;128;88;88m▀[38;2;200;152;80m▀▀ [38;2;192;168;144;48;2;112;112;96m▀▀▀▀▀▀[48;2;8;8;8m [48;2;112;112;96m▀[48;2;8;8;8m [0m
[38;2;8;8;8m▀[38;2;56;48;56;48;2;8;8;8m▀[38;2;192;168;144m▀[38;2;112;112;96m▀[38;2;56;48;56m▀▀▀▀▀▀▀▀ [38;2;248;152;96m▀[38;2;248;208;144;48;2;248;152;96m▀▀[38;2;248;152;96;48;2;8;8;8m▀[38;2;144;80;56m▀▀  [38;2;56;48;56m▀▀▀▀▀▀▀[38;2;8;8;8;48;2;112;112;96m▀▀[48;2;8;8;8m [0m
      [38;2;8;8;8m▀[38;2;112;112;96;48;2;8;8;8m▀▀  [38;2;248;152;96;48;2;144;80;56m▀ [48;2;8;8;8m  [38;2;8;8;8;48;2;200;152;80m▀[48;2;224;216;80m▀[38;2;200;152;80;48;2;128;88;88m▀[48;2;224;216;80m [48;2;200;152;80m [48;2;8;8;8m▀ [0m[38;2;8;8;8m▄[0m    [38;2;8;8;8m▀▀▀[0m 
       [48;2;8;8;8m [38;2;248;208;144;48;2;144;80;56m▀[48;2;248;152;96m▀[38;2;8;8;8;48;2;144;80;56m▀[48;2;248;152;96m▀▀[38;2;128;88;88m▀[38;2;200;152;80;48;2;144;80;56m▀[38;2;248;248;136;48;2;200;152;80m▀[38;2;224;216;80m▀[38;2;128;88;88;48;2;8;8;8m▀[38;2;200;152;80m▀[38;2;8;8;8;48;2;144;80;56m▀[38;2;144;80;56;48;2;248;152;96m▀▀▀[38;2;8;8;8;48;2;144;80;56m▀[0m[38;2;8;8;8m▄[0m      
        [38;2;8;8;8m▀▀▀[38;2;144;80;56;48;2;8;8;8m▀▀[38;2;248;152;96m▀[38;2;248;208;144m▀ [38;2;8;8;8;48;2;200;152;80m▀ [48;2;8;8;8m [48;2;144;80;56m▀[38;2;248;152;96;48;2;8;8;8m▀▀[38;2;144;80;56m▀[38;2;8;8;8;48;2;144;80;56m▀[48;2;8;8;8m [0m      
            [38;2;8;8;8m▄▄[48;2;224;216;80m▀[38;2;128;88;88m▀[38;2;8;8;8m▀[48;2;200;152;80m▀▀[48;2;128;88;88m▀[38;2;144;80;56;48;2;8;8;8m▀▀[38;2;248;152;96m▀[38;2;144;80;56m▀[0m[38;2;8;8;8m▀[0m      
           [48;2;8;8;8m [48;2;248;248;136m [38;2;200;152;80;48;2;224;216;80m▀[48;2;128;88;88m [48;2;8;8;8m▀[38;2;224;216;80m▀▀▀[38;2;200;152;80m▀[38;2;128;88;88m▀[38;2;8;8;8;48;2;128;88;88m▀[48;2;8;8;8m [0m        
       [38;2;56;48;56m▄[38;2;8;8;8m▄▄▄[48;2;8;8;8m [38;2;200;152;80;48;2;128;88;88m▀[38;2;224;216;80;48;2;200;152;80m▀[48;2;128;88;88m [48;2;8;8;8m [38;2;255;255;255m▀▀▀ [38;2;128;88;88m▀▀[38;2;200;152;80;48;2;56;48;56m▀[38;2;8;8;8;48;2;144;80;56m▀[0m[38;2;8;8;8m▄▄[38;2;56;48;56m▄[0m    
     [38;2;56;48;56m▄[48;2;8;8;8m▀  [48;2;144;80;56m▀[38;2;144;80;56;48;2;248;152;96m▀[38;2;56;48;56m▀[38;2;8;8;8;48;2;144;80;56m▀[38;2;128;88;88;48;2;248;208;144m▀[38;2;8;8;8;48;2;56;48;56m▀[48;2;8;8;8m     [38;2;56;48;56m▀[38;2;144;80;56m▀▀[38;2;248;152;96m▀   [38;2;56;48;56m▀[0m[38;2;56;48;56m▄[0m  
      [38;2;56;48;56m▀▀[38;2;8;8;8m▀[48;2;56;48;56m▀[48;2;8;8;8m               [48;2;56;48;56m▀[0m[38;2;8;8;8m▀[38;2;56;48;56m▀[0m   
