                                 [38;2;24;16;16m▄[48;2;248;160;64m▀[0m[38;2;24;16;16m▄[0m                       
                               [38;2;24;16;16m▄[48;2;248;160;64m▀ [38;2;248;160;64;48;2;24;16;16m▀[38;2;24;16;16;48;2;248;200;80m▀[48;2;24;16;16m [0m                      
                              [38;2;24;16;16m▀[38;2;248;160;64;48;2;24;16;16m▀[48;2;200;112;64m▀[38;2;200;112;64;48;2;24;16;16m▀ [48;2;248;200;80m [48;2;24;16;16m [0m[38;2;24;16;16m▄[48;2;248;160;64m▀[0m[38;2;24;16;16m▄[0m                   
                                [38;2;24;16;16m▀[0m [48;2;24;16;16m [38;2;248;200;80m▀[38;2;24;16;16;48;2;248;160;64m▀[38;2;248;160;64;48;2;248;200;80m▀[38;2;248;200;80;48;2;248;160;64m▀[38;2;248;160;64;48;2;248;200;80m▀[38;2;24;16;16;48;2;248;160;64m▀[0m[38;2;24;16;16m▄[0m                 
                                [38;2;24;16;16m▄▄[48;2;24;16;16m [38;2;248;240;152m▀[38;2;248;200;80;48;2;248;240;152m▀[38;2;248;160;64;48;2;248;200;80m▀[38;2;248;200;80;48;2;248;160;64m▀[38;2;248;160;64;48;2;248;200;80m▀[38;2;248;200;80;48;2;200;112;64m▀[38;2;200;112;64;48;2;24;16;16m▀[38;2;24;16;16;48;2;255;255;255m▀[0m[38;2;24;16;16m▄[48;2;184;168;144m▀[0m[38;2;24;16;16m▄[0m             
                              [38;2;24;16;16m▄[48;2;24;16;16m [38;2;248;240;152;48;2;248;200;80m▀ [48;2;160;80;80m [48;2;248;200;80m [48;2;24;16;16m ▀[38;2;248;200;80;48;2;200;112;64m▀[38;2;200;112;64;48;2;24;16;16m▀[38;2;24;16;16;48;2;255;255;255m▀  [48;2;24;16;16m [48;2;184;168;144m [48;2;24;16;16m [38;2;88;64;96;48;2;255;255;255m▀[0m[38;2;88;64;96m▄[0m           
                             [48;2;24;16;16m [38;2;248;160;64;48;2;248;200;80m▀[38;2;112;56;72;48;2;248;160;64m▀[38;2;24;16;16;48;2;112;56;72m▀[48;2;160;80;80m▀ [38;2;248;200;80m▀ [38;2;24;16;16m▀[48;2;24;16;16m [48;2;255;255;255m    [48;2;24;16;16m [48;2;184;168;144m [48;2;24;16;16m [48;2;255;255;255m  [38;2;88;64;96m▀[0m[38;2;88;64;96m▄[0m         
                         [38;2;24;16;16m▄[48;2;248;240;152m▀[48;2;248;200;80m▀▀[38;2;112;56;72;48;2;248;160;64m▀[38;2;248;200;80;48;2;112;56;72m▀[48;2;248;200;80m [38;2;248;160;64m▀[38;2;112;56;72;48;2;200;112;64m▀▀▀▀[48;2;160;80;80m▀[48;2;112;56;72m [38;2;24;16;16m▀[38;2;255;255;255;48;2;24;16;16m▀▀[38;2;24;16;16;48;2;184;168;144m▀[48;2;88;64;96m▀[48;2;184;168;144m [48;2;88;64;96m▀[38;2;255;255;255;48;2;24;16;16m▀[48;2;255;255;255m   [38;2;88;64;96m▀[0m[38;2;88;64;96m▄[0m       
                         [48;2;24;16;16m [38;2;248;200;80;48;2;112;56;72m▀[38;2;248;240;152;48;2;248;200;80m▀[38;2;248;200;80;48;2;248;240;152m▀[48;2;248;200;80m [38;2;248;160;64m▀[38;2;112;56;72;48;2;248;160;64m▀[38;2;248;200;80;48;2;112;56;72m▀[38;2;200;112;64;48;2;160;80;80m▀▀▀▀[38;2;160;80;80;48;2;112;56;72m▀ [38;2;112;56;72;48;2;24;16;16m▀  [48;2;184;168;144m  [38;2;184;168;144;48;2;128;120;120m▀ [38;2;88;64;96m▀[48;2;24;16;16m [48;2;255;255;255m    ▀[0m[38;2;88;64;96m▄[0m     
                         [38;2;24;16;16m▀[38;2;248;240;152;48;2;24;16;16m▀[38;2;112;56;72;48;2;248;240;152m▀[38;2;248;200;80;48;2;112;56;72m▀[38;2;248;248;248m▀[38;2;248;240;152;48;2;248;200;80m▀[48;2;112;56;72m▀[48;2;248;200;80m▀[48;2;112;56;72m▀[48;2;248;200;80m [38;2;248;200;80;48;2;112;56;72m▀[48;2;248;160;64m [38;2;248;160;64;48;2;112;56;72m▀[48;2;248;160;64m [48;2;160;80;80m [48;2;24;16;16m [38;2;24;16;16;48;2;255;255;255m▀[38;2;184;168;144;48;2;24;16;16m▀[48;2;184;168;144m [48;2;128;120;120m   [48;2;24;16;16m [48;2;255;255;255m      [38;2;88;64;96m▀[0m[38;2;88;64;96m▄[0m   
           [38;2;24;16;16m▄[48;2;248;200;80m▀[48;2;160;80;80m▀▀[0m[38;2;112;56;72m▄[38;2;24;16;16m▄▄[48;2;248;240;152m▀[48;2;248;200;80m▀▀▀▀▀▀[48;2;200;112;64m▀[38;2;255;255;255;48;2;24;16;16m▀[38;2;24;16;16;48;2;255;255;255m▀[38;2;248;240;152;48;2;24;16;16m▀[38;2;248;160;64;48;2;160;80;80m▀▀▀[48;2;112;56;72m▀▀▀[38;2;200;112;64m▀▀▀[48;2;24;16;16m▀[38;2;160;80;80m▀ [48;2;255;255;255m  [48;2;24;16;16m [38;2;128;120;120;48;2;184;168;144m▀[48;2;24;16;16m [38;2;24;16;16;48;2;255;255;255m▀        [38;2;255;255;255;48;2;24;16;16m▀[38;2;24;16;16;48;2;184;168;144m▀[0m[38;2;24;16;16m▄[0m 
           [38;2;24;16;16m▀[38;2;248;160;64;48;2;24;16;16m▀[38;2;248;240;152;48;2;248;160;64m▀[38;2;160;80;80;48;2;112;56;72m▀▀[38;2;248;160;64m▀[38;2;160;80;80m▀[38;2;24;16;16;48;2;248;160;64m▀[38;2;248;240;152;48;2;24;16;16m▀[38;2;248;200;80;48;2;248;240;152m▀[48;2;248;200;80m     [38;2;200;112;64m▀[38;2;24;16;16;48;2;200;112;64m▀[48;2;24;16;16m  [48;2;112;56;72m▀▀[48;2;24;16;16m [48;2;248;160;64m▀[38;2;248;160;64;48;2;160;80;80m▀    [48;2;112;56;72m  [48;2;24;16;16m [48;2;255;255;255m [48;2;24;16;16m [48;2;184;168;144m [48;2;24;16;16m [48;2;255;255;255m         [48;2;24;16;16m [38;2;184;168;144;48;2;88;64;96m▀[48;2;24;16;16m [0m 
             [38;2;24;16;16m▀[38;2;112;56;72;48;2;24;16;16m▀[38;2;248;240;152;48;2;160;80;80m▀[38;2;200;112;64;48;2;248;200;80m▀[38;2;112;56;72m▀▀[38;2;24;16;16m▀▀[38;2;248;240;152;48;2;24;16;16m▀[38;2;248;248;248;48;2;248;240;152m▀[38;2;248;240;152;48;2;160;80;80m▀[48;2;200;112;64m▀[48;2;160;80;80m▀▀▀▀[38;2;112;56;72;48;2;24;16;16m▀▀[38;2;24;16;16;48;2;248;160;64m▀[38;2;248;160;64;48;2;160;80;80m▀ [38;2;160;80;80;48;2;112;56;72m▀▀[48;2;160;80;80m   [48;2;112;56;72m  [48;2;24;16;16m [38;2;255;255;255m▀ [48;2;184;168;144m [48;2;24;16;16m [48;2;255;255;255m         [48;2;24;16;16m [48;2;184;168;144m [48;2;24;16;16m [0m 
    [38;2;24;16;16m▄[48;2;248;200;80m▀[48;2;160;80;80m▀▀[0m[38;2;112;56;72m▄[38;2;24;16;16m▄▄[48;2;248;200;80m▀[48;2;248;240;152m▀[48;2;248;160;64m▀▀▀[48;2;200;112;64m▀▀[38;2;112;56;72;48;2;24;16;16m▀[38;2;160;80;80m▀▀[38;2;24;16;16;48;2;200;112;64m▀[48;2;248;240;152m [48;2;160;80;80m [48;2;200;112;64m [48;2;160;80;80m [38;2;200;112;64m▀▀ [48;2;24;16;16m [38;2;248;160;64;48;2;160;80;80m▀ [38;2;160;80;80;48;2;112;56;72m▀[38;2;112;56;72;48;2;248;200;80m▀[38;2;200;112;64m▀[48;2;248;240;152m▀[38;2;24;16;16;48;2;200;112;64m▀[38;2;160;80;80;48;2;24;16;16m▀[48;2;160;80;80m [48;2;112;56;72m [38;2;112;56;72;48;2;248;200;80m▀[38;2;200;112;64m▀[48;2;248;240;152m▀[38;2;24;16;16;48;2;200;112;64m▀[38;2;128;120;120;48;2;112;56;72m▀[48;2;24;16;16m [38;2;24;16;16;48;2;112;56;72m▀▀▀[38;2;255;255;255;48;2;24;16;16m▀[48;2;255;255;255m    [48;2;24;16;16m▀[38;2;24;16;16;48;2;184;168;144m▀ [48;2;24;16;16m [0m 
 [38;2;24;16;16m▄▄[0m [38;2;24;16;16m▀[38;2;248;160;64;48;2;24;16;16m▀[38;2;248;240;152;48;2;248;160;64m▀[38;2;160;80;80;48;2;112;56;72m▀▀[38;2;248;160;64m▀[38;2;160;80;80m▀[38;2;24;16;16;48;2;248;160;64m▀[38;2;248;200;80;48;2;24;16;16m▀[38;2;248;240;152;48;2;248;200;80m▀[38;2;248;160;64;48;2;248;240;152m▀[48;2;248;160;64m   [38;2;200;112;64m▀[38;2;24;16;16m▀[38;2;200;112;64;48;2;24;16;16m▀[48;2;200;112;64m [38;2;248;240;152;48;2;248;200;80m▀[48;2;160;80;80m [48;2;200;112;64m [48;2;160;80;80m [38;2;200;112;64m▀▀[38;2;160;80;80;48;2;248;248;248m▀[48;2;24;16;16m [48;2;160;80;80m  [48;2;112;56;72m [48;2;248;200;80m [48;2;248;240;152m [48;2;24;16;16m [48;2;200;112;64m [48;2;24;16;16m [48;2;160;80;80m [48;2;112;56;72m [48;2;248;200;80m [48;2;248;240;152m [48;2;24;16;16m [48;2;200;112;64m [38;2;112;56;72;48;2;24;16;16m▀ [48;2;112;56;72m   [48;2;24;16;16m [48;2;255;255;255m   [38;2;255;255;255;48;2;24;16;16m▀[38;2;24;16;16;48;2;184;168;144m▀[38;2;184;168;144;48;2;24;16;16m▀[48;2;184;168;144m [48;2;24;16;16m [0m 
[48;2;24;16;16m [38;2;248;200;80;48;2;248;240;152m▀[38;2;200;112;64;48;2;160;80;80m▀[48;2;24;16;16m [0m  [38;2;24;16;16m▀[38;2;112;56;72;48;2;24;16;16m▀[38;2;248;240;152;48;2;160;80;80m▀[38;2;200;112;64;48;2;248;200;80m▀[38;2;112;56;72m▀▀[38;2;24;16;16m▀▀[38;2;248;200;80;48;2;24;16;16m▀[38;2;248;248;248;48;2;248;240;152m▀[38;2;248;240;152;48;2;160;80;80m▀[48;2;200;112;64m▀[38;2;248;200;80;48;2;160;80;80m▀▀ [38;2;112;56;72m▀▀[48;2;24;16;16m [38;2;24;16;16;48;2;160;80;80m▀▀▀▀[48;2;24;16;16m [38;2;184;168;144m▀[38;2;24;16;16;48;2;184;168;144m▀[48;2;248;200;80m▀▀[38;2;160;80;80;48;2;24;16;16m▀[38;2;200;112;64m▀ [38;2;160;80;80m▀[38;2;24;16;16;48;2;200;112;64m▀[48;2;248;200;80m▀▀[38;2;160;80;80;48;2;24;16;16m▀[38;2;200;112;64m▀ [38;2;160;80;80m▀[38;2;24;16;16;48;2;200;112;64m▀[48;2;248;200;80m▀▀▀[48;2;200;112;64m▀[48;2;24;16;16m [48;2;160;80;80m▀▀[48;2;24;16;16m [48;2;184;168;144m▀[38;2;184;168;144;48;2;24;16;16m▀[38;2;24;16;16;48;2;160;80;80m▀[48;2;184;168;144m [48;2;24;16;16m [0m 
[48;2;24;16;16m [48;2;248;240;152m [38;2;24;16;16;48;2;160;80;80m▀[48;2;24;16;16m [48;2;248;160;64m▀▀[48;2;168;104;72m▀▀▀[48;2;248;200;80m▀[48;2;160;80;80m▀[38;2;112;56;72;48;2;24;16;16m▀[38;2;248;160;64;48;2;112;56;72m▀[38;2;248;200;80;48;2;24;16;16m▀[38;2;24;16;16;48;2;200;112;64m▀[48;2;248;240;152m [48;2;160;80;80m [48;2;200;112;64m [48;2;160;80;80m [38;2;200;112;64m▀▀▀ [48;2;24;16;16m [48;2;160;80;80m    [48;2;24;16;16m  [38;2;24;16;16;48;2;248;200;80m▀[38;2;184;168;144;48;2;248;240;152m▀[38;2;248;240;152;48;2;200;112;64m▀▀▀ [48;2;24;16;16m [48;2;248;200;80m [38;2;248;200;80;48;2;248;240;152m▀[38;2;248;240;152;48;2;200;112;64m▀▀▀ [48;2;24;16;16m [48;2;248;200;80m [38;2;248;200;80;48;2;248;240;152m▀[38;2;248;240;152;48;2;200;112;64m▀▀▀ [48;2;24;16;16m [48;2;160;80;80m [38;2;24;16;16m▀[38;2;184;168;144m▀[38;2;24;16;16m▀ [48;2;184;168;144m [48;2;24;16;16m [0m 
[48;2;24;16;16m [48;2;248;200;80m [48;2;248;240;152m [38;2;248;200;80;48;2;24;16;16m▀[38;2;24;16;16;48;2;160;80;80m▀[48;2;200;112;64m [38;2;248;160;64m▀[38;2;168;104;72;48;2;248;160;64m▀[48;2;168;104;72m  [38;2;248;200;80m▀[38;2;160;80;80;48;2;248;200;80m▀[38;2;24;16;16;48;2;160;80;80m▀[38;2;200;112;64;48;2;24;16;16m▀[48;2;200;112;64m [48;2;248;200;80m [48;2;160;80;80m [48;2;200;112;64m [48;2;160;80;80m ▀▀▀ [48;2;24;16;16m [38;2;160;80;80m▀[48;2;112;56;72m▀▀▀[48;2;24;16;16m  [38;2;248;200;80;48;2;200;112;64m▀[48;2;248;240;152m [48;2;200;112;64m [38;2;184;168;144m▀[38;2;200;112;64;48;2;184;168;144m▀[48;2;200;112;64m [48;2;24;16;16m [38;2;248;200;80;48;2;200;112;64m▀[48;2;248;240;152m [48;2;200;112;64m [38;2;184;168;144m▀[38;2;200;112;64;48;2;184;168;144m▀[48;2;200;112;64m [48;2;24;16;16m [38;2;248;200;80;48;2;200;112;64m▀[48;2;248;240;152m [48;2;200;112;64m [38;2;184;168;144m▀[38;2;200;112;64;48;2;184;168;144m▀[48;2;200;112;64m [48;2;24;16;16m [38;2;160;80;80;48;2;200;112;64m▀▀▀▀▀[38;2;24;16;16m▀[38;2;200;112;64;48;2;240;176;88m▀[48;2;24;16;16m [0m
[48;2;24;16;16m [38;2;248;200;80;48;2;200;112;64m▀[48;2;248;160;64m▀[38;2;24;16;16m▀[38;2;160;80;80;48;2;24;16;16m▀▀[38;2;24;16;16;48;2;248;200;80m▀[38;2;200;112;64;48;2;24;16;16m▀[38;2;248;160;64m▀[38;2;168;104;72;48;2;160;80;80m▀[48;2;168;104;72m [48;2;240;176;88m▀[38;2;248;200;80m▀[38;2;160;80;80m▀[38;2;24;16;16m▀▀▀[48;2;168;104;72m▀▀▀▀▀▀▀[38;2;160;80;80m▀▀▀▀▀ [38;2;24;16;16m▀[38;2;200;112;64;48;2;24;16;16m▀▀▀▀[38;2;160;80;80m▀[38;2;24;16;16;48;2;168;104;72m▀▀[38;2;200;112;64;48;2;24;16;16m▀▀▀▀[38;2;160;80;80m▀[38;2;24;16;16;48;2;168;104;72m▀▀[38;2;200;112;64;48;2;24;16;16m▀▀▀▀[38;2;160;80;80m▀[38;2;24;16;16;48;2;168;104;72m▀   [38;2;168;104;72;48;2;240;176;88m▀▀[38;2;240;176;88;48;2;160;80;80m▀ [48;2;24;16;16m [0m
 [48;2;24;16;16m [38;2;200;112;64;48;2;160;80;80m▀[48;2;248;160;64m  [38;2;248;160;64;48;2;200;112;64m▀▀[38;2;248;200;80m▀▀[38;2;248;160;64m▀[38;2;160;80;80;48;2;248;160;64m▀▀▀▀▀▀▀[38;2;240;176;88;48;2;160;80;80m▀▀▀▀▀▀▀▀▀▀▀[48;2;168;104;72m▀▀[48;2;240;176;88m                 [48;2;160;80;80m▀▀▀▀▀▀▀  [38;2;160;80;80;48;2;200;112;64m▀[38;2;200;112;64;48;2;160;80;80m▀[48;2;24;16;16m [0m
  [38;2;24;16;16m▀[38;2;160;80;80;48;2;24;16;16m▀[38;2;248;160;64;48;2;160;80;80m▀[38;2;200;112;64;48;2;248;160;64m▀[48;2;200;112;64m  [48;2;160;80;80m▀▀[38;2;160;80;80;48;2;200;112;64m▀ [48;2;160;80;80m  [48;2;200;112;64m [48;2;160;80;80m  [48;2;200;112;64m [38;2;200;112;64;48;2;248;160;64m▀[48;2;200;112;64m [48;2;248;160;64m▀▀▀[48;2;200;112;64m     [38;2;160;80;80m▀▀▀▀▀▀▀▀▀▀▀▀▀▀▀▀▀▀▀ [38;2;200;112;64;48;2;160;80;80m▀▀  [38;2;160;80;80;48;2;200;112;64m▀▀▀[38;2;200;112;64;48;2;160;80;80m▀ [38;2;160;80;80;48;2;24;16;16m▀[0m[38;2;24;16;16m▀[0m
    [38;2;24;16;16m▀[38;2;160;80;80;48;2;24;16;16m▀[38;2;248;160;64;48;2;160;80;80m▀[38;2;200;112;64m▀▀▀▀▀▀▀▀[48;2;200;112;64m         [38;2;248;160;64m▀▀▀▀▀ [38;2;200;112;64;48;2;248;160;64m▀▀▀▀▀▀▀▀▀▀▀▀▀▀▀▀▀▀[38;2;248;160;64;48;2;200;112;64m▀[38;2;200;112;64;48;2;160;80;80m▀▀▀     [48;2;24;16;16m [0m 
     [38;2;192;224;248m▄[48;2;24;16;16m [38;2;160;80;80;48;2;248;160;64m▀[48;2;200;112;64m▀▀▀▀▀▀▀[48;2;160;80;80m  [48;2;192;224;248m▀[48;2;160;80;80m    [38;2;200;112;64m▀▀▀▀▀[48;2;200;112;64m                     [48;2;160;80;80m        [38;2;160;80;80;48;2;24;16;16m▀[0m[38;2;24;16;16m▀[0m 
    [48;2;192;224;248m [48;2;88;96;152m [48;2;24;16;16m [38;2;248;160;64;48;2;200;112;64m▀ [38;2;200;112;64;48;2;248;248;248m▀[48;2;192;224;248m ▀▀▀ [38;2;248;248;248m▀  [38;2;200;112;64m▀[48;2;200;112;64m  [38;2;160;80;80m▀▀▀▀▀[48;2;160;80;80m                              [48;2;24;16;16m [0m[38;2;88;96;152m▄▄[0m
   [38;2;192;224;248m▀[48;2;192;224;248m [48;2;88;96;152m [38;2;24;16;16;48;2;112;152;232m▀[48;2;192;224;248m [38;2;248;248;248m▀[38;2;192;224;248;48;2;112;152;232m▀▀[48;2;88;96;152m▀[48;2;192;224;248m [48;2;112;152;232m▀   ▀▀[48;2;192;224;248m [38;2;112;152;232;48;2;248;248;248m▀[38;2;200;112;64;48;2;112;152;232m▀[48;2;200;112;64m    [48;2;192;224;248m▀[48;2;200;112;64m                     [48;2;160;80;80m     [38;2;160;80;80;48;2;88;96;152m▀[48;2;192;224;248m▀[48;2;88;96;152m▀[38;2;192;224;248m▀ [0m[38;2;88;96;152m▀[0m
    [38;2;112;152;232m▀[38;2;192;224;248;48;2;112;152;232m▀[48;2;88;96;152m▀[38;2;112;152;232m▀    ▀       [38;2;192;224;248m▀[38;2;248;248;248;48;2;112;152;232m▀[38;2;112;152;232;48;2;192;224;248m▀[38;2;88;96;152;48;2;112;152;232m▀[48;2;192;224;248m▀[38;2;192;224;248;48;2;112;152;232m▀[48;2;192;224;248m      [38;2;88;96;152m▀▀▀▀▀▀▀[38;2;192;224;248;48;2;88;96;152m▀▀▀▀▀▀▀▀▀▀▀▀▀▀ [0m[38;2;88;96;152m▀▀▀[0m  
                [38;2;88;96;152m▀▀▀▀▀▀[38;2;112;152;232m▀[38;2;192;224;248m▀[38;2;112;152;232m▀▀▀▀[38;2;88;96;152m▀▀▀▀▀▀▀▀▀▀▀▀▀▀▀▀[0m               
