      [38;2;0;0;0m▄▄▄▄[48;2;0;0;0m [48;2;248;200;72m▀[48;2;216;152;72m▀[48;2;0;0;0m [0m[38;2;0;0;0m▄▄▄▄[48;2;216;152;72m▀[48;2;248;200;72m▀▀▀▀▀▀▀▀▀[48;2;216;152;72m▀[0m[38;2;0;0;0m▄▄▄[0m      [38;2;0;0;0m▄▄▄▄[0m      
      [48;2;0;0;0m [38;2;248;248;248m▀[38;2;208;184;168m▀[38;2;88;80;96m▀[38;2;208;184;168m▀[38;2;216;152;72m▀▀[38;2;0;0;0;48;2;248;200;72m▀[48;2;248;248;160m▀[38;2;248;200;72m▀[48;2;216;152;72m [48;2;248;248;160m▀▀[38;2;216;152;72;48;2;248;200;72m▀[48;2;248;248;160m▀▀▀[48;2;248;200;72m▀▀▀▀▀[38;2;248;200;72;48;2;216;152;72m▀[48;2;248;200;72m [38;2;216;152;72m▀[38;2;0;0;0;48;2;216;152;72m▀▀[48;2;0;0;0m [48;2;216;152;72m▀▀▀▀[38;2;216;152;72;48;2;96;64;72m▀[38;2;96;64;72;48;2;248;200;72m▀[38;2;216;152;72;48;2;0;0;0m▀[48;2;216;152;72m [48;2;0;0;0m [0m     
    [38;2;0;0;0m▄[48;2;216;152;72m▀  [48;2;176;104;104m [38;2;176;104;104;48;2;0;0;0m▀[38;2;0;0;0;48;2;248;200;72m▀[38;2;248;200;72;48;2;216;152;72m▀[38;2;248;248;160m▀[38;2;216;152;72;48;2;248;248;160m▀▀▀    [38;2;248;200;72m▀[38;2;248;248;160;48;2;248;200;72m▀[48;2;248;248;160m  [38;2;176;104;104m▀▀[48;2;248;200;72m   [38;2;216;152;72m▀[38;2;248;200;72;48;2;216;152;72m▀[48;2;248;200;72m [38;2;216;152;72m▀[48;2;216;152;72m [38;2;0;0;0m▀[38;2;216;152;72;48;2;0;0;0m▀▀▀[38;2;96;64;72m▀[38;2;216;152;72m▀[38;2;248;200;72;48;2;216;152;72m▀[38;2;0;0;0;48;2;248;200;72m▀[48;2;0;0;0m [0m     
   [38;2;0;0;0m▄[48;2;0;0;0m [38;2;176;104;104m▀▀▀ [38;2;248;200;72m▀[38;2;248;248;160;48;2;216;152;72m▀[48;2;248;248;160m  [38;2;216;152;72m▀[48;2;248;248;248m▀[38;2;248;248;160;48;2;216;152;72m▀[48;2;248;248;160m      [38;2;248;200;72m▀▀[38;2;216;152;72;48;2;248;200;72m▀▀▀▀▀▀▀▀ ▀[48;2;216;152;72m  [38;2;0;0;0m▀[38;2;255;255;255;48;2;0;0;0m▀[48;2;255;255;255m  [38;2;0;0;0m▀[38;2;216;152;72;48;2;0;0;0m▀[38;2;248;200;72;48;2;216;152;72m▀[48;2;0;0;0m [0m[38;2;0;0;0m▄▄▄[0m 
 [38;2;0;0;0m▄[48;2;248;200;72m▀[38;2;248;248;160;48;2;176;104;104m▀▀[38;2;248;200;72;48;2;248;248;160m▀[48;2;248;200;72m  [38;2;176;104;104m▀[38;2;216;152;72m▀[38;2;248;248;160;48;2;216;152;72m▀[38;2;216;152;72;48;2;248;248;160m▀[38;2;248;248;160;48;2;216;152;72m▀[48;2;248;248;160m   [38;2;216;152;72m▀[38;2;248;248;160;48;2;176;104;104m▀[48;2;248;248;160m    [38;2;176;104;104;48;2;248;200;72m▀[38;2;96;64;72;48;2;176;104;104m▀[48;2;248;248;160m▀[48;2;248;248;248m▀[38;2;248;200;72;48;2;96;64;72m▀[48;2;248;200;72m       [48;2;216;152;72m [38;2;96;64;72m▀[48;2;248;200;72m▀[48;2;248;248;160m▀[38;2;0;0;0m▀▀▀▀[48;2;216;152;72m▀[48;2;248;200;72m [38;2;248;200;72;48;2;216;152;72m▀▀[48;2;248;200;72m [48;2;0;0;0m [0m
[38;2;0;0;0m▄[48;2;248;200;72m▀[38;2;216;152;72;48;2;96;64;72m▀[48;2;0;0;0m  [38;2;248;200;72;48;2;96;64;72m▀[38;2;248;248;160;48;2;248;248;248m▀▀▀[48;2;248;248;160m [38;2;248;200;72m▀[38;2;248;248;160;48;2;248;200;72m▀[38;2;248;200;72;48;2;248;248;248m▀[38;2;248;248;160;48;2;248;200;72m▀[48;2;248;248;160m [48;2;248;200;72m▀[48;2;176;104;104m [38;2;216;152;72;48;2;248;200;72m▀[48;2;248;248;160m  [38;2;248;248;160;48;2;248;200;72m▀▀▀ [38;2;176;104;104m▀[38;2;248;200;72;48;2;96;64;72m▀ [48;2;216;152;72m [38;2;216;152;72;48;2;248;200;72m▀▀▀▀▀[48;2;216;152;72m  [38;2;96;64;72m▀[38;2;216;152;72;48;2;96;64;72m▀[38;2;248;200;72m▀[48;2;0;0;0m▀▀▀▀[38;2;96;64;72m▀[38;2;248;200;72m▀▀▀▀[0m[38;2;0;0;0m▀[0m
[48;2;0;0;0m [48;2;248;200;72m [48;2;0;0;0m    [48;2;248;248;248m [48;2;248;248;160m    [48;2;216;152;72m [48;2;248;248;160m [48;2;216;152;72m [48;2;248;248;160m [48;2;176;104;104m [38;2;216;152;72;48;2;248;200;72m▀[38;2;248;200;72;48;2;248;248;160m▀[38;2;248;248;160;48;2;248;200;72m▀ [38;2;248;200;72;48;2;176;104;104m▀▀▀▀[48;2;216;152;72m▀[48;2;248;200;72m [38;2;216;152;72m▀▀     [48;2;216;152;72m [48;2;176;104;104m▀[38;2;176;104;104;48;2;248;200;72m▀▀[48;2;216;152;72m▀▀[48;2;96;64;72m▀[48;2;0;0;0m▀[0m[38;2;0;0;0m▀▀[0m     
[48;2;0;0;0m [38;2;248;200;72;48;2;216;152;72m▀[48;2;0;0;0m    [38;2;248;248;248;48;2;248;248;160m▀[38;2;248;248;160;48;2;248;200;72m▀▀▀▀[38;2;216;152;72;48;2;176;104;104m▀[38;2;248;248;160;48;2;248;200;72m▀[38;2;216;152;72;48;2;176;104;104m▀[48;2;248;200;72m [48;2;176;104;104m [48;2;248;200;72m  [38;2;248;200;72;48;2;176;104;104m▀[38;2;176;104;104;48;2;248;200;72m▀[38;2;248;200;72;48;2;216;152;72m▀[48;2;0;0;0m▀▀▀[38;2;96;64;72m▀[38;2;216;152;72m▀[38;2;248;200;72;48;2;216;152;72m▀[48;2;248;200;72m    [48;2;216;152;72m▀[38;2;216;152;72;48;2;176;104;104m▀[38;2;176;104;104;48;2;248;200;72m▀[38;2;248;200;72;48;2;216;152;72m▀[38;2;216;152;72;48;2;96;64;72m▀[38;2;96;64;72;48;2;216;152;72m▀▀[38;2;216;152;72;48;2;96;64;72m▀[38;2;0;0;0;48;2;248;200;72m▀▀▀[48;2;216;152;72m▀[0m[38;2;0;0;0m▄[0m    
[48;2;0;0;0m [48;2;216;152;72m [38;2;0;0;0;48;2;96;64;72m▀[48;2;0;0;0m  [48;2;96;64;72m▀[38;2;248;248;160;48;2;248;200;72m▀    [48;2;96;64;72m [48;2;248;200;72m [48;2;96;64;72m [48;2;176;104;104m [48;2;248;200;72m  [48;2;176;104;104m [38;2;248;200;72;48;2;216;152;72m▀[38;2;216;152;72;48;2;0;0;0m▀[38;2;0;0;0;48;2;248;200;72m▀[38;2;248;200;72;48;2;248;248;160m▀▀[48;2;248;200;72m  [38;2;0;0;0;48;2;216;152;72m▀[38;2;216;152;72;48;2;0;0;0m▀[48;2;216;152;72m [38;2;248;200;72m▀▀  [38;2;176;104;104;48;2;96;64;72m▀[38;2;248;200;72;48;2;216;152;72m▀[48;2;96;64;72m  [38;2;216;152;72;48;2;0;0;0m▀[38;2;96;64;72;48;2;248;200;72m▀[38;2;248;200;72;48;2;248;248;160m▀  [48;2;248;200;72m  [48;2;216;152;72m [38;2;0;0;0m▀[0m[38;2;0;0;0m▄[0m  
 [48;2;0;0;0m [48;2;216;152;72m [38;2;0;0;0;48;2;176;104;104m▀▀[48;2;248;200;72m [38;2;216;152;72;48;2;176;104;104m▀▀▀▀[48;2;96;64;72m [38;2;248;200;72;48;2;216;152;72m▀[48;2;96;64;72m [48;2;216;152;72m [48;2;176;104;104m [48;2;248;200;72m  [48;2;176;104;104m [48;2;0;0;0m [48;2;248;200;72m [38;2;248;248;160;48;2;248;248;248m▀[48;2;248;248;160m [48;2;248;200;72m▀  [48;2;216;152;72m  [48;2;0;0;0m [48;2;216;152;72m    [48;2;96;64;72m [48;2;216;152;72m [48;2;96;64;72m [38;2;216;152;72m▀[48;2;0;0;0m [48;2;248;200;72m [48;2;248;248;160m  [48;2;248;200;72m   [48;2;216;152;72m  [48;2;0;0;0m [0m  
  [38;2;0;0;0m▀[38;2;248;200;72;48;2;0;0;0m▀▀[38;2;176;104;104m▀▀▀▀[38;2;96;64;72m▀[38;2;176;104;104m▀[38;2;96;64;72m▀[48;2;216;152;72m [38;2;216;152;72;48;2;96;64;72m▀ [48;2;248;200;72m  [38;2;176;104;104m▀[48;2;0;0;0m [48;2;248;200;72m [38;2;248;248;248;48;2;248;248;160m▀ [38;2;248;200;72;48;2;216;152;72m▀▀▀  [48;2;0;0;0m [48;2;216;152;72m    [38;2;96;64;72m▀[38;2;216;152;72;48;2;96;64;72m▀[48;2;216;152;72m [38;2;96;64;72m▀[48;2;0;0;0m [48;2;248;200;72m [48;2;248;248;160m  [48;2;248;200;72m  [38;2;248;200;72;48;2;216;152;72m▀  [48;2;0;0;0m [0m  
   [48;2;0;0;0m [48;2;216;152;72m [48;2;176;104;104m [48;2;0;0;0m [48;2;216;152;72m [38;2;96;64;72;48;2;248;200;72m▀[38;2;216;152;72;48;2;96;64;72m▀[48;2;216;152;72m   [48;2;248;200;72m [48;2;96;64;72m [48;2;248;200;72m   [48;2;0;0;0m [38;2;248;200;72;48;2;216;152;72m▀[38;2;248;248;160;48;2;248;200;72m▀[48;2;248;248;160m [48;2;248;200;72m   [38;2;248;200;72;48;2;216;152;72m▀[38;2;216;152;72;48;2;176;104;104m▀[48;2;0;0;0m [48;2;216;152;72m      [38;2;96;64;72m▀[48;2;176;104;104m▀[48;2;0;0;0m [48;2;216;152;72m [38;2;248;200;72;48;2;248;248;160m▀▀[38;2;216;152;72;48;2;248;200;72m▀▀  [48;2;216;152;72m [48;2;0;0;0m [0m  
   [48;2;0;0;0m [48;2;216;152;72m [48;2;176;104;104m [38;2;0;0;0m▀[38;2;216;152;72;48;2;0;0;0m▀[38;2;248;200;72;48;2;216;152;72m▀[48;2;248;200;72m [38;2;96;64;72m▀[38;2;216;152;72;48;2;96;64;72m▀▀▀[38;2;96;64;72;48;2;216;152;72m▀[48;2;248;200;72m   [48;2;0;0;0m [48;2;248;200;72m [48;2;248;248;160m [38;2;248;200;72m▀[38;2;216;152;72;48;2;248;200;72m▀▀▀[38;2;176;104;104;48;2;216;152;72m▀ [48;2;0;0;0m [38;2;216;152;72;48;2;176;104;104m▀ [38;2;176;104;104;48;2;216;152;72m▀▀▀▀ [48;2;176;104;104m [48;2;0;0;0m [38;2;216;152;72;48;2;96;64;72m▀[38;2;248;200;72;48;2;216;152;72m▀[38;2;248;248;160;48;2;248;200;72m▀ [38;2;248;200;72;48;2;216;152;72m▀▀[38;2;216;152;72;48;2;248;200;72m▀[48;2;216;152;72m [38;2;0;0;0;48;2;96;64;72m▀[0m[38;2;0;0;0m▄[0m 
   [48;2;0;0;0m [48;2;216;152;72m [38;2;176;104;104;48;2;96;64;72m▀[48;2;176;104;104m [38;2;0;0;0m▀[38;2;216;152;72;48;2;0;0;0m▀[48;2;216;152;72m [38;2;248;200;72m▀[48;2;248;200;72m       [48;2;0;0;0m [48;2;248;200;72m [48;2;248;248;160m  [48;2;248;200;72m   [48;2;216;152;72m  [48;2;0;0;0m [38;2;176;104;104;48;2;216;152;72m▀ [38;2;216;152;72;48;2;0;0;0m▀[38;2;0;0;0;48;2;96;64;72m▀▀▀▀[48;2;176;104;104m  [38;2;96;64;72;48;2;0;0;0m▀[48;2;248;200;72m [48;2;248;248;160m  [48;2;248;200;72m   [48;2;216;152;72m  [48;2;0;0;0m [0m 
   [48;2;0;0;0m [38;2;216;152;72;48;2;176;104;104m▀[38;2;96;64;72m▀[48;2;96;64;72m   [38;2;0;0;0;48;2;176;104;104m▀[38;2;216;152;72;48;2;0;0;0m▀[48;2;216;152;72m  [48;2;248;200;72m▀[48;2;96;64;72m▀[48;2;248;200;72m [38;2;248;200;72;48;2;216;152;72m▀ [48;2;0;0;0m [48;2;248;200;72m [48;2;248;248;160m  [48;2;248;200;72m   [48;2;216;152;72m  [48;2;0;0;0m [48;2;216;152;72m [48;2;0;0;0m [38;2;0;0;0;48;2;96;64;72m▀▀▀▀[48;2;176;104;104m▀ [38;2;176;104;104;48;2;0;0;0m▀ [48;2;248;200;72m [48;2;248;248;160m  [48;2;248;200;72m   [48;2;216;152;72m  [48;2;0;0;0m [0m 
   [38;2;0;0;0m▀[38;2;176;104;104;48;2;0;0;0m▀[48;2;176;104;104m    [48;2;88;80;96m▀[48;2;0;0;0m▀[38;2;0;0;0;48;2;255;255;255m▀[38;2;216;152;72;48;2;0;0;0m▀[38;2;96;64;72;48;2;176;104;104m▀▀[48;2;216;152;72m   [48;2;0;0;0m [48;2;248;200;72m [48;2;248;248;160m  [48;2;248;200;72m   [48;2;216;152;72m  [48;2;0;0;0m [48;2;176;104;104m  [38;2;0;0;0m▀▀▀ [38;2;176;104;104;48;2;0;0;0m▀   [48;2;248;200;72m [48;2;248;248;160m  [48;2;248;200;72m   [48;2;216;152;72m  [48;2;0;0;0m [0m 
    [48;2;0;0;0m [48;2;88;80;96m [38;2;176;104;104m▀[48;2;0;0;0m▀[38;2;0;0;0;48;2;88;80;96m▀ [48;2;0;0;0m [38;2;255;255;255m▀▀ [38;2;176;104;104m▀▀[48;2;176;104;104m  [48;2;0;0;0m [48;2;248;200;72m [48;2;248;248;160m  [48;2;248;200;72m   [48;2;216;152;72m  [48;2;0;0;0m [48;2;176;104;104m   [48;2;0;0;0m▀▀     [48;2;216;152;72m [38;2;248;248;160;48;2;248;200;72m▀[48;2;248;248;160m [48;2;248;200;72m   [48;2;216;152;72m  [38;2;0;0;0;48;2;96;64;72m▀[0m[38;2;0;0;0m▄[0m
     [48;2;0;0;0m [38;2;88;80;96m▀▀▀          [48;2;248;200;72m [48;2;248;248;160m  [48;2;248;200;72m   [48;2;216;152;72m  [48;2;0;0;0m           [38;2;96;64;72m▀[48;2;248;200;72m [48;2;248;248;160m  [48;2;248;200;72m   [48;2;216;152;72m  [48;2;0;0;0m [0m
   [38;2;0;0;0m▄[48;2;0;0;0m               [48;2;176;104;104m [38;2;248;248;160m▀[48;2;216;152;72m▀[38;2;248;200;72m▀▀▀[38;2;216;152;72;48;2;176;104;104m▀[48;2;96;64;72m [48;2;0;0;0m            [48;2;248;200;72m [48;2;248;248;160m  [48;2;248;200;72m  [38;2;248;200;72;48;2;216;152;72m▀ [38;2;216;152;72;48;2;96;64;72m▀[48;2;0;0;0m [0m
  [48;2;0;0;0m                 [48;2;248;200;72m [38;2;176;104;104;48;2;248;248;160m▀[38;2;248;200;72;48;2;176;104;104m▀▀▀▀[38;2;176;104;104;48;2;216;152;72m▀ [48;2;0;0;0m            [48;2;176;104;104m [38;2;216;152;72m▀[48;2;248;248;160m▀[48;2;248;200;72m▀▀[38;2;248;200;72;48;2;176;104;104m▀[38;2;216;152;72m▀[38;2;176;104;104;48;2;216;152;72m▀[48;2;0;0;0m [0m
   [38;2;0;0;0m▀[48;2;0;0;0m               [48;2;248;200;72m [38;2;248;248;160m▀[48;2;248;248;160m [48;2;248;200;72m   [48;2;216;152;72m  [48;2;0;0;0m            [38;2;216;152;72;48;2;96;64;72m▀[38;2;248;248;160;48;2;248;200;72m▀[38;2;176;104;104;48;2;248;248;160m▀[48;2;248;200;72m▀▀ [48;2;216;152;72m  [48;2;0;0;0m [0m
     [38;2;0;0;0m▀[48;2;0;0;0m              [38;2;248;200;72m▀[48;2;248;200;72m   [48;2;216;152;72m▀[38;2;216;152;72;48;2;0;0;0m▀              [38;2;248;200;72m▀[48;2;216;152;72m▀[48;2;248;200;72m  [48;2;216;152;72m▀[38;2;216;152;72;48;2;0;0;0m▀  [0m
        [38;2;0;0;0m▀▀[48;2;0;0;0m          [38;2;88;80;96m▀[38;2;0;0;0;48;2;88;80;96m▀▀▀▀[38;2;88;80;96;48;2;0;0;0m▀              ▀[38;2;0;0;0;48;2;88;80;96m▀▀▀▀[38;2;88;80;96;48;2;0;0;0m▀[0m[38;2;0;0;0m▀[0m 
            [38;2;0;0;0m▀▀▀[48;2;0;0;0m                       [0m[38;2;0;0;0m▀▀▀▀▀▀▀[0m   
