            [38;2;0;0;0m▄▄▄▄▄▄▄▄▄[0m                         [38;2;0;0;0m▄[48;2;248;224;88m▀[48;2;248;168;64m▀[48;2;248;192;64m▀[48;2;248;168;64m▀[48;2;0;0;0m [0m     
           [48;2;0;0;0m [38;2;248;168;64;48;2;248;192;64m▀    ▀[48;2;248;168;64m  [38;2;160;112;72m▀[38;2;0;0;0m▀[0m[38;2;0;0;0m▄[0m                      [48;2;0;0;0m [48;2;248;224;88m [38;2;248;168;64;48;2;200;128;64m▀[48;2;128;88;80m [48;2;200;128;64m  [48;2;0;0;0m [0m     
           [48;2;0;0;0m [48;2;248;192;64m       [48;2;248;168;64m    [38;2;0;0;0m▀[0m[38;2;0;0;0m▄[0m                   [48;2;0;0;0m [48;2;248;224;88m [38;2;248;168;64;48;2;200;128;64m▀ [48;2;128;88;80m [48;2;200;128;64m  [48;2;0;0;0m [0m     
           [48;2;0;0;0m [38;2;248;192;64;48;2;248;168;64m▀[48;2;248;192;64m       [48;2;248;168;64m     [38;2;0;0;0;48;2;200;128;64m▀[0m[38;2;0;0;0m▄[0m                [48;2;0;0;0m [48;2;248;224;88m [38;2;248;168;64;48;2;200;128;64m▀  [48;2;128;88;80m [48;2;200;128;64m  [48;2;0;0;0m [0m     
           [48;2;0;0;0m [38;2;88;48;56;48;2;200;128;64m▀[38;2;248;168;64;48;2;248;224;88m▀▀▀[48;2;248;192;64m▀▀[38;2;248;192;64;48;2;248;168;64m▀[48;2;248;192;64m  [48;2;248;168;64m     [38;2;200;128;64m▀[38;2;0;0;0;48;2;200;128;64m▀[0m[38;2;0;0;0m▄[0m             [48;2;0;0;0m [48;2;248;224;88m [38;2;248;168;64;48;2;200;128;64m▀   [48;2;128;88;80m [38;2;200;128;64m▀▀[48;2;0;0;0m [0m     
          [38;2;88;48;56m▄[48;2;0;0;0m [38;2;0;0;0;48;2;248;168;64m▀[38;2;128;88;80m▀▀▀▀▀▀▀▀▀▀[38;2;88;48;56m▀▀[38;2;248;168;64;48;2;88;48;56m▀▀[38;2;200;128;64;48;2;248;168;64m▀[38;2;160;112;72;48;2;200;128;64m▀[38;2;0;0;0;48;2;160;112;72m▀[0m[38;2;0;0;0m▄[0m          [48;2;0;0;0m [48;2;248;224;88m [38;2;248;168;64;48;2;200;128;64m▀       [48;2;0;0;0m [0m     
          [48;2;0;0;0m [48;2;112;72;72m [38;2;248;248;160;48;2;248;168;64m▀[38;2;248;192;64;48;2;248;248;160m▀[48;2;248;192;64m           [38;2;248;168;64m▀[38;2;200;128;64;48;2;248;168;64m▀[38;2;88;48;56;48;2;200;128;64m▀[38;2;200;128;64;48;2;88;48;56m▀▀[38;2;160;112;72m▀[38;2;0;0;0m▀[0m[38;2;0;0;0m▄▄▄▄▄▄▄▄[48;2;0;0;0m [48;2;248;224;88m [38;2;248;168;64;48;2;200;128;64m▀        [48;2;0;0;0m [0m     
         [38;2;88;48;56;48;2;0;0;0m▀[48;2;88;48;56m [48;2;248;168;64m▀[38;2;248;168;64;48;2;160;112;72m▀[48;2;88;48;56m [38;2;248;248;160;48;2;248;168;64m▀[38;2;248;224;88;48;2;248;248;160m▀[38;2;248;192;64;48;2;248;224;88m▀▀▀▀▀▀▀▀▀▀▀[48;2;248;168;64m [38;2;200;128;64m▀[38;2;88;48;56;48;2;200;128;64m▀[38;2;248;168;64;48;2;160;112;72m▀[48;2;248;168;64m  [48;2;248;192;64m▀▀▀▀▀▀[38;2;128;88;80;48;2;200;128;64m▀[48;2;248;224;88m [38;2;248;168;64;48;2;200;128;64m▀         [48;2;0;0;0m [0m[38;2;0;0;0m▄▄[0m   
        [38;2;0;0;0m▄[48;2;248;168;64m▀[38;2;248;224;88m▀[38;2;248;168;64;48;2;248;224;88m▀[48;2;88;48;56m [38;2;88;48;56;48;2;248;168;64m▀[38;2;248;168;64;48;2;160;112;72m▀[48;2;88;48;56m [48;2;248;248;160m [48;2;88;48;56m▀▀▀▀[48;2;248;168;64m [48;2;88;48;56m▀▀[48;2;248;168;64m [48;2;88;48;56m▀▀[48;2;248;168;64m   [38;2;200;128;64m▀[38;2;160;112;72;48;2;200;128;64m▀[38;2;248;168;64;48;2;160;112;72m▀[48;2;248;168;64m [48;2;248;192;64m      [38;2;200;128;64m▀[38;2;160;112;72m▀[38;2;128;88;80m▀[48;2;248;168;64m▀▀▀▀▀[38;2;88;48;56;48;2;200;128;64m▀▀▀[48;2;128;88;80m [38;2;200;128;64;48;2;248;168;64m▀[38;2;128;88;80;48;2;200;128;64m▀[38;2;0;0;0;48;2;128;88;80m▀[0m[38;2;0;0;0m▄[0m 
      [38;2;0;0;0m▄[48;2;248;192;64m▀   [38;2;248;168;64m▀[38;2;248;224;88;48;2;248;168;64m▀[38;2;248;168;64;48;2;248;224;88m▀[48;2;88;48;56m  [48;2;248;224;88m [48;2;88;48;56m [48;2;160;112;72m [38;2;160;112;72;48;2;112;72;72m▀ [48;2;248;168;64m [38;2;112;72;72;48;2;88;48;56m▀ [48;2;248;168;64m [48;2;88;48;56m▀[48;2;112;72;72m [48;2;248;168;64m [38;2;248;168;64;48;2;200;128;64m▀[38;2;200;128;64;48;2;248;168;64m▀[38;2;248;168;64;48;2;200;128;64m▀[48;2;248;168;64m [48;2;160;112;72m [48;2;248;168;64m [48;2;248;192;64m          [38;2;248;192;64;48;2;248;224;88m▀▀▀▀▀▀[38;2;200;128;64;48;2;248;192;64m▀[48;2;128;88;80m [48;2;248;168;64m [48;2;200;128;64m  [48;2;0;0;0m [0m 
    [38;2;0;0;0m▄[48;2;248;224;88m▀[48;2;248;192;64m       [38;2;248;168;64m▀[38;2;248;224;88;48;2;248;168;64m▀[38;2;248;168;64;48;2;248;224;88m▀[48;2;200;128;64m▀[48;2;88;48;56m [48;2;112;72;72m   [48;2;248;168;64m [48;2;88;48;56m [48;2;112;72;72m [48;2;248;168;64m [48;2;88;48;56m [48;2;112;72;72m [48;2;248;168;64m  [38;2;200;128;64m▀[38;2;248;168;64;48;2;160;112;72m▀[38;2;160;112;72;48;2;248;168;64m▀[38;2;248;168;64;48;2;248;192;64m▀  [38;2;248;192;64;48;2;248;224;88m▀▀▀▀ [38;2;248;224;88;48;2;248;192;64m▀▀▀▀▀ [38;2;248;192;64;48;2;248;168;64m▀[48;2;200;128;64m▀▀▀▀[38;2;128;88;80;48;2;88;48;56m▀[48;2;200;128;64m  [38;2;200;128;64;48;2;128;88;80m▀[48;2;0;0;0m [0m 
  [38;2;0;0;0m▄[48;2;88;48;56m▀[38;2;248;192;64;48;2;248;168;64m▀[38;2;248;224;88;48;2;248;192;64m▀[48;2;248;224;88m [38;2;248;192;64m▀[48;2;248;192;64m       [38;2;248;224;88;48;2;248;168;64m▀     [38;2;248;168;64;48;2;200;128;64m▀▀▀▀[48;2;248;168;64m [38;2;200;128;64m▀[48;2;248;224;88m▀▀▀[38;2;248;168;64m▀ [38;2;248;224;88;48;2;248;192;64m▀▀▀▀         [38;2;248;168;64;48;2;200;128;64m▀[38;2;248;192;64;48;2;248;224;88m▀[48;2;248;192;64m [38;2;248;168;64m▀[38;2;248;192;64;48;2;248;168;64m▀[48;2;248;192;64m  [38;2;88;48;56m▀[38;2;200;128;64;48;2;88;48;56m▀[38;2;88;48;56;48;2;128;88;80m▀[0m[38;2;0;0;0m▄[0m 
 [38;2;88;48;56m▄[38;2;0;0;0;48;2;248;168;64m▀[38;2;160;112;72;48;2;88;48;56m▀ [38;2;248;168;64m▀[38;2;248;192;64;48;2;248;168;64m▀[38;2;248;224;88;48;2;248;192;64m▀[48;2;248;224;88m [38;2;248;192;64m▀▀▀ [38;2;248;224;88;48;2;248;168;64m▀▀▀[38;2;200;128;64;48;2;248;248;160m▀▀[48;2;248;224;88m▀▀[38;2;248;168;64m▀▀   [38;2;248;224;88;48;2;248;192;64m▀▀[48;2;200;128;64m▀[38;2;248;192;64m▀▀[38;2;200;128;64;48;2;248;168;64m▀▀▀▀▀[38;2;248;192;64;48;2;200;128;64m▀[48;2;112;72;72m▀▀[38;2;248;168;64m▀[48;2;248;168;64m       [38;2;88;48;56m▀[38;2;248;224;88;48;2;88;48;56m▀[38;2;248;192;64;48;2;248;224;88m▀[48;2;248;192;64m [38;2;248;168;64m▀[38;2;248;192;64;48;2;248;168;64m▀[48;2;248;192;64m  [38;2;0;0;0m▀[48;2;0;0;0m [0m 
 [48;2;0;0;0m [38;2;200;128;64;48;2;88;48;56m▀[38;2;248;224;88m▀[38;2;88;48;56;48;2;248;224;88m▀[48;2;112;72;72m▀[38;2;248;168;64;48;2;0;0;0m▀[48;2;248;192;64m ▀[48;2;248;224;88m [38;2;248;224;88;48;2;248;168;64m▀[38;2;248;168;64;48;2;248;248;160m▀[48;2;248;224;88m▀[38;2;248;248;160;48;2;248;192;64m▀▀[38;2;248;224;88m▀▀▀▀      [38;2;248;192;64;48;2;200;128;64m▀[38;2;200;128;64;48;2;248;224;88m▀[38;2;248;192;64;48;2;248;248;160m▀[48;2;248;192;64m       [38;2;248;168;64m▀[48;2;248;168;64m   [38;2;112;72;72m▀▀[38;2;248;168;64;48;2;112;72;72m▀▀[48;2;248;168;64m     [38;2;88;48;56;48;2;200;128;64m▀[38;2;248;224;88;48;2;88;48;56m▀▀[38;2;248;192;64;48;2;248;224;88m▀[38;2;248;168;64m▀[38;2;248;192;64m▀[48;2;248;192;64m [38;2;200;128;64m▀[48;2;0;0;0m [0m
[38;2;88;48;56;48;2;0;0;0m▀[48;2;248;168;64m▀[48;2;88;48;56m [48;2;248;192;64m▀[38;2;248;224;88;48;2;160;112;72m▀[38;2;248;248;160;48;2;248;224;88m▀[38;2;248;192;64;48;2;160;112;72m▀[48;2;248;168;64m▀[48;2;248;192;64m [48;2;248;168;64m [38;2;248;248;160;48;2;248;192;64m▀ [38;2;248;192;64;48;2;160;112;72m▀▀[48;2;88;48;56m▀[48;2;248;224;88m▀[48;2;160;112;72m▀▀[48;2;88;48;56m▀[48;2;248;224;88m▀[48;2;248;192;64m    [48;2;248;168;64m [48;2;248;192;64m [38;2;248;224;88m▀[48;2;248;224;88m [38;2;248;248;160m▀[38;2;248;192;64;48;2;248;248;160m▀[48;2;248;192;64m       [38;2;248;168;64m▀▀[48;2;248;168;64m    [38;2;112;72;72m▀[38;2;248;168;64;48;2;112;72;72m▀[48;2;248;168;64m   [48;2;200;128;64m  [38;2;200;128;64;48;2;128;88;80m▀[38;2;0;0;0;48;2;200;128;64m▀[48;2;128;88;80m▀[48;2;112;72;72m▀[48;2;128;88;80m▀[48;2;0;0;0m [0m 
[38;2;0;0;0;48;2;112;72;72m▀[38;2;200;128;64;48;2;0;0;0m▀[38;2;248;192;64;48;2;248;168;64m▀[38;2;160;112;72;48;2;88;48;56m▀ [48;2;248;248;160m [48;2;88;48;56m  [48;2;248;192;64m [48;2;248;168;64m [48;2;248;192;64m  [48;2;88;48;56m▀  [48;2;248;224;88m [48;2;88;48;56m▀  [48;2;248;224;88m [48;2;248;192;64m    [38;2;200;128;64;48;2;128;88;80m▀[38;2;248;168;64;48;2;200;128;64m▀[38;2;248;192;64;48;2;248;168;64m▀[48;2;248;192;64m [38;2;248;224;88m▀[48;2;88;48;56m▀[38;2;200;128;64;48;2;248;168;64m▀[48;2;248;224;88m▀▀[38;2;248;168;64m▀[48;2;248;168;64m [48;2;248;224;88m▀[48;2;248;192;64m▀[38;2;200;128;64m▀▀[48;2;248;168;64m▀[38;2;248;168;64;48;2;200;128;64m▀▀[48;2;248;168;64m   [38;2;112;72;72m▀[38;2;200;128;64;48;2;88;48;56m▀[48;2;200;128;64m   [48;2;128;88;80m [48;2;200;128;64m  [48;2;112;72;72m [48;2;128;88;80m▀[48;2;0;0;0m [0m 
[38;2;112;72;72;48;2;0;0;0m▀[38;2;0;0;0;48;2;200;128;64m▀[38;2;248;168;64;48;2;248;192;64m▀[48;2;88;48;56m  [38;2;248;192;64;48;2;248;168;64m▀[48;2;88;48;56m  [48;2;248;192;64m [48;2;248;168;64m [48;2;248;192;64m  [38;2;248;224;88m▀▀▀ ▀▀▀   [38;2;248;192;64;48;2;248;168;64m▀ [38;2;200;128;64m▀[38;2;88;48;56;48;2;128;88;80m▀[38;2;200;128;64;48;2;88;48;56m▀[38;2;248;168;64m▀[38;2;88;48;56;48;2;248;192;64m▀[38;2;248;192;64;48;2;248;224;88m▀  [38;2;248;224;88;48;2;248;192;64m▀  [38;2;248;168;64m▀[38;2;248;224;88;48;2;248;168;64m▀[38;2;248;192;64;48;2;248;224;88m▀[48;2;248;192;64m  [38;2;248;168;64m▀[48;2;248;168;64m [38;2;200;128;64m▀[38;2;248;168;64;48;2;200;128;64m▀[48;2;248;168;64m   [38;2;88;48;56m▀[38;2;200;128;64;48;2;88;48;56m▀[48;2;200;128;64m [48;2;128;88;80m  [38;2;128;88;80;48;2;0;0;0m▀[38;2;112;72;72m▀▀[0m[38;2;0;0;0m▀[0m 
[38;2;0;0;0;48;2;88;48;56m▀[38;2;248;168;64m▀ [38;2;248;192;64m▀[38;2;88;48;56;48;2;248;192;64m▀[48;2;248;168;64m [48;2;88;48;56m [48;2;248;168;64m▀[38;2;248;192;64m▀[38;2;248;168;64;48;2;200;128;64m▀[48;2;248;168;64m               [48;2;200;128;64m [38;2;128;88;80;48;2;0;0;0m▀[38;2;88;48;56;48;2;248;192;64m▀[38;2;248;192;64;48;2;200;128;64m▀[38;2;248;168;64m▀[38;2;248;224;88;48;2;248;168;64m▀[38;2;248;248;160;48;2;248;224;88m▀[38;2;248;224;88;48;2;248;248;160m▀[48;2;248;192;64m   [38;2;248;168;64m▀[38;2;248;224;88;48;2;248;168;64m▀[38;2;248;192;64;48;2;248;224;88m▀[48;2;248;192;64m [48;2;248;168;64m▀[38;2;248;168;64;48;2;200;128;64m▀▀  [48;2;248;168;64m    [38;2;88;48;56m▀[38;2;128;88;80;48;2;0;0;0m▀[0m[38;2;0;0;0m▀[0m     
 [48;2;0;0;0m [38;2;88;48;56;48;2;200;128;64m▀[48;2;248;168;64m▀[38;2;248;168;64;48;2;88;48;56m▀[38;2;248;192;64m▀[48;2;112;72;72m▀[48;2;200;128;64m▀[38;2;200;128;64;48;2;160;112;72m▀[48;2;88;48;56m▀[48;2;200;128;64m  [38;2;248;168;64m▀▀▀▀▀▀▀▀▀▀▀▀▀ [48;2;0;0;0m [48;2;200;128;64m [48;2;88;48;56m   [48;2;128;88;80m▀[48;2;248;248;160m [48;2;248;192;64m [48;2;248;168;64m   [48;2;200;128;64m [48;2;248;168;64m [48;2;200;128;64m▀[38;2;200;128;64;48;2;248;168;64m▀[38;2;248;168;64;48;2;248;192;64m▀▀▀▀[48;2;248;168;64m      [38;2;0;0;0m▀[0m[38;2;0;0;0m▄[0m    
 [38;2;88;48;56m▀[38;2;248;168;64;48;2;0;0;0m▀[38;2;88;48;56m▀▀[38;2;112;72;72;48;2;248;168;64m▀[38;2;248;168;64;48;2;160;112;72m▀[48;2;128;88;80m [38;2;88;48;56m▀[48;2;88;48;56m [48;2;112;72;72m▀[48;2;160;112;72m [38;2;200;128;64;48;2;88;48;56m▀▀▀[48;2;160;112;72m▀▀▀▀▀▀▀▀▀▀▀[48;2;0;0;0m [48;2;128;88;80m [48;2;88;48;56m [38;2;0;0;0;48;2;160;112;72m▀[48;2;88;48;56m  [38;2;248;224;88;48;2;248;192;64m▀ [48;2;248;168;64m   [48;2;200;128;64m [48;2;248;168;64m [48;2;200;128;64m [38;2;248;192;64;48;2;248;168;64m▀[38;2;248;224;88;48;2;248;192;64m▀[48;2;248;224;88m [38;2;248;192;64m▀[48;2;248;192;64m  [38;2;248;168;64m▀[48;2;248;168;64m      [38;2;0;0;0m▀[0m[38;2;0;0;0m▄[0m  
   [38;2;0;0;0m▀[38;2;88;48;56;48;2;0;0;0m▀[38;2;128;88;80;48;2;88;48;56m▀[48;2;112;72;72m▀[48;2;128;88;80m    [38;2;160;112;72m▀[38;2;88;48;56m▀▀▀[38;2;160;112;72m▀[48;2;88;48;56m   [48;2;128;88;80m▀▀▀▀▀[48;2;160;112;72m [48;2;128;88;80m▀[48;2;0;0;0m [48;2;128;88;80m [48;2;88;48;56m [38;2;128;88;80;48;2;0;0;0m▀[48;2;88;48;56m  [48;2;248;224;88m [48;2;200;128;64m    [48;2;112;72;72m [48;2;200;128;64m ▀[38;2;200;128;64;48;2;0;0;0m▀[38;2;248;168;64;48;2;200;128;64m▀[38;2;248;192;64;48;2;248;168;64m▀[38;2;248;224;88;48;2;248;192;64m▀[38;2;248;248;160;48;2;248;224;88m▀[38;2;248;192;64;48;2;248;248;160m▀[48;2;248;224;88m▀[48;2;248;192;64m [38;2;248;168;64m▀[48;2;248;168;64m      [48;2;0;0;0m [0m 
     [38;2;0;0;0m▀[38;2;88;48;56;48;2;0;0;0m▀[38;2;112;72;72;48;2;88;48;56m▀[48;2;112;72;72m [38;2;128;88;80m▀▀▀[48;2;128;88;80m             [48;2;112;72;72m▀[48;2;0;0;0m [48;2;200;128;64m [48;2;88;48;56m   [38;2;88;48;56;48;2;128;88;80m▀[38;2;248;192;64;48;2;248;168;64m▀[38;2;200;128;64;48;2;160;112;72m▀▀▀ [48;2;112;72;72m [48;2;160;112;72m  [48;2;128;88;80m [38;2;0;0;0;48;2;112;72;72m▀[38;2;200;128;64;48;2;0;0;0m▀[38;2;248;168;64;48;2;200;128;64m▀[38;2;248;192;64;48;2;248;168;64m▀[38;2;248;224;88;48;2;248;192;64m▀[38;2;248;248;160;48;2;248;224;88m▀[38;2;248;224;88;48;2;248;248;160m▀[38;2;248;192;64;48;2;248;224;88m▀▀[38;2;248;168;64m▀▀▀[38;2;248;192;64;48;2;248;168;64m▀[38;2;248;168;64;48;2;0;0;0m▀[0m[38;2;0;0;0m▀[0m 
       [38;2;0;0;0m▀▀[38;2;88;48;56;48;2;0;0;0m▀[38;2;112;72;72m▀[48;2;88;48;56m▀[48;2;112;72;72m               [48;2;0;0;0m [38;2;200;128;64;48;2;248;168;64m▀[38;2;88;48;56;48;2;200;128;64m▀[48;2;248;168;64m▀[38;2;248;168;64;48;2;248;192;64m▀[38;2;200;128;64;48;2;160;112;72m▀[48;2;128;88;80m  [38;2;160;112;72m▀ [48;2;88;48;56m [48;2;128;88;80m▀ [38;2;128;88;80;48;2;112;72;72m▀ [48;2;88;48;56m [38;2;0;0;0m▀[38;2;200;128;64;48;2;0;0;0m▀[38;2;248;168;64m▀[48;2;200;128;64m▀▀▀▀▀[38;2;200;128;64;48;2;0;0;0m▀▀▀[0m[38;2;0;0;0m▀[0m  
           [38;2;0;0;0m▀▀▀▀[38;2;88;48;56;48;2;0;0;0m▀▀[38;2;112;72;72m▀▀▀▀▀▀▀▀[48;2;88;48;56m▀  [38;2;0;0;0m▀[38;2;248;168;64;48;2;0;0;0m▀[38;2;200;128;64m▀[38;2;160;112;72;48;2;88;48;56m▀[48;2;112;72;72m   [38;2;112;72;72;48;2;88;48;56m▀[38;2;88;48;56;48;2;112;72;72m▀  [38;2;112;72;72;48;2;88;48;56m▀▀[38;2;88;48;56;48;2;0;0;0m▀▀[0m[38;2;0;0;0m▀[0m  [38;2;0;0;0m▀▀▀▀▀[0m      
                         [38;2;0;0;0m▀▀▀▀▀▀▀▀▀▀▀▀▀▀▀▀[0m                
