    [38;2;8;8;8m▄[48;2;132;56;66m▀[48;2;239;73;66m▀[48;2;255;130;107m▀▀▀[48;2;239;73;66m▀[0m[38;2;8;8;8m▄[0m                                    
   [48;2;8;8;8m [38;2;132;56;66;48;2;239;73;66m▀[38;2;239;73;66;48;2;255;130;107m▀  [48;2;255;186;156m  [38;2;255;186;156;48;2;255;243;247m▀[48;2;255;130;107m [38;2;8;8;8;48;2;239;73;66m▀[0m[38;2;8;8;8m▄[0m                                  
  [48;2;8;8;8m [48;2;132;56;66m [48;2;239;73;66m [48;2;255;130;107m   [38;2;255;130;107;48;2;239;73;66m▀▀▀[48;2;255;186;156m▀[38;2;239;73;66m▀[48;2;8;8;8m [0m                                  
  [48;2;8;8;8m [38;2;132;56;66;48;2;239;73;66m▀▀[38;2;239;73;66;48;2;255;130;107m▀[38;2;255;130;107;48;2;239;73;66m▀[38;2;239;73;66;48;2;255;186;156m▀[38;2;255;186;156;48;2;8;8;8m▀▀▀[38;2;8;8;8;48;2;148;81;57m▀[48;2;8;8;8m [38;2;239;73;66m▀[0m[38;2;8;8;8m▀[0m                                 
  [48;2;8;8;8m [38;2;239;73;66;48;2;132;56;66m▀[48;2;239;73;66m  [48;2;255;130;107m [38;2;57;48;57;48;2;8;8;8m▀[38;2;8;8;8;48;2;148;81;57m▀[38;2;57;48;57;48;2;255;243;247m▀[48;2;8;8;8m [38;2;255;154;99;48;2;255;211;148m▀[48;2;8;8;8m  [0m                                  
   [48;2;8;8;8m [38;2;239;73;66m▀[38;2;255;130;107m▀[38;2;239;73;66m▀ [38;2;255;154;99;48;2;148;81;57m▀[38;2;255;211;148;48;2;255;154;99m▀▀[38;2;255;154;99;48;2;8;8;8m▀[0m[38;2;8;8;8m▀[0m                              [38;2;0;0;0m▄▄▄[0m  
 [38;2;8;8;8m▄[48;2;132;56;66m▀[38;2;239;73;66;48;2;8;8;8m▀[38;2;255;130;107m▀[38;2;132;56;66;48;2;255;130;107m▀[38;2;8;8;8;48;2;239;73;66m▀[48;2;132;56;66m▀[48;2;8;8;8m [38;2;148;81;57m▀[38;2;8;8;8;48;2;132;56;66m▀[38;2;239;73;66;48;2;8;8;8m▀[38;2;8;8;8;48;2;239;73;66m▀[0m[38;2;8;8;8m▄[0m   [38;2;0;0;0m▄[48;2;247;73;74m▀[48;2;255;146;90m▀[48;2;255;203;140m▀[48;2;0;0;0m [0m               [38;2;0;0;0m▄▄▄[48;2;247;73;74m▀[48;2;255;146;90m▀▀[38;2;255;146;90;48;2;255;251;255m▀[38;2;255;203;140;48;2;0;0;0m▀[38;2;247;73;74;48;2;198;73;82m▀[38;2;0;0;0;48;2;247;73;74m▀[0m[38;2;0;0;0m▄[0m
 [38;2;8;8;8m▀[48;2;8;8;8m [38;2;239;73;66;48;2;255;130;107m▀[38;2;255;130;107;48;2;239;73;66m▀[48;2;8;8;8m [48;2;239;73;66m▀[38;2;239;73;66;48;2;255;130;107m▀[38;2;132;56;66;48;2;239;73;66m▀[48;2;8;8;8m [48;2;239;73;66m [48;2;8;8;8m [38;2;239;73;66m▀[38;2;132;56;66;48;2;239;73;66m▀[48;2;8;8;8m [38;2;0;0;0;48;2;255;146;90m▀▀[48;2;198;73;82m▀[38;2;247;73;74m▀[38;2;255;146;90m▀[38;2;156;219;165m▀[38;2;0;0;0;48;2;99;56;74m▀[48;2;255;146;90m▀▀[48;2;255;203;140m▀[0m[38;2;0;0;0m▄[0m     [38;2;0;0;0m▄▄▄[48;2;247;73;74m▀[48;2;255;146;90m▀▀[38;2;247;73;74m▀[38;2;255;146;90;48;2;255;203;140m▀▀▀ [38;2;255;251;255m▀▀[48;2;0;0;0m  [48;2;247;73;74m [48;2;0;0;0m [0m
  [48;2;8;8;8m [38;2;255;130;107;48;2;255;186;156m▀[38;2;132;56;66;48;2;239;73;66m▀[38;2;8;8;8;48;2;132;56;66m▀[38;2;132;56;66;48;2;8;8;8m▀[38;2;239;73;66m▀▀  [48;2;255;211;148m [38;2;255;211;148;48;2;148;81;57m▀[38;2;255;154;99;48;2;8;8;8m▀[38;2;8;8;8;48;2;247;73;74m▀[38;2;247;73;74;48;2;255;203;140m▀[38;2;255;203;140;48;2;99;56;74m▀[38;2;99;56;74;48;2;198;73;82m▀▀[48;2;247;73;74m▀[48;2;255;146;90m▀[48;2;247;73;74m▀[38;2;0;0;0;48;2;198;73;82m▀[38;2;255;203;140;48;2;0;0;0m▀[48;2;255;146;90m [38;2;0;0;0;48;2;99;56;74m▀[0m[38;2;0;0;0m▄▄[48;2;247;73;74m▀[48;2;255;146;90m▀▀[38;2;247;73;74m▀[38;2;255;146;90;48;2;255;203;140m▀▀▀   [38;2;255;203;140;48;2;255;146;90m▀▀▀ [38;2;255;146;90;48;2;247;73;74m▀[38;2;255;203;140m▀[38;2;198;73;82;48;2;255;203;140m▀[38;2;0;0;0;48;2;255;146;90m▀[38;2;255;146;90;48;2;247;73;74m▀[48;2;0;0;0m [0m
  [38;2;8;8;8m▀[38;2;255;130;107;48;2;8;8;8m▀[38;2;255;186;156m▀[38;2;255;130;107;48;2;132;56;66m▀[38;2;132;56;66;48;2;8;8;8m▀[38;2;255;211;148;48;2;148;81;57m▀[48;2;255;154;99m▀[48;2;8;8;8m [38;2;8;8;8;48;2;247;73;74m▀▀▀[38;2;255;203;140m▀[48;2;99;56;74m▀ [38;2;198;73;82m▀▀[38;2;247;73;74;48;2;0;0;0m▀[38;2;255;146;90m▀[38;2;247;73;74;48;2;198;73;82m▀[38;2;198;73;82;48;2;0;0;0m▀[38;2;0;0;0;48;2;247;73;74m▀[48;2;255;146;90m▀[48;2;198;73;82m▀[38;2;198;73;82;48;2;255;146;90m▀[38;2;255;146;90;48;2;255;203;140m▀▀▀   [38;2;255;203;140;48;2;255;146;90m▀▀▀ [38;2;255;146;90;48;2;247;73;74m▀▀▀ [38;2;247;73;74;48;2;198;73;82m▀▀▀[38;2;198;73;82;48;2;0;0;0m▀▀▀[0m[38;2;0;0;0m▀▀[0m
 [38;2;0;0;0m▄[48;2;255;203;140m▀[38;2;255;146;90m▀▀[38;2;8;8;8m▀▀▀▀▀[38;2;255;146;90m▀▀▀▀▀▀▀[48;2;255;251;255m▀▀[48;2;255;203;140m [48;2;0;0;0m [48;2;255;146;90m [48;2;255;203;140m▀ [38;2;247;73;74;48;2;198;73;82m▀[48;2;255;203;140m [38;2;255;203;140;48;2;255;146;90m▀▀▀ [38;2;255;146;90;48;2;247;73;74m▀▀▀ [38;2;247;73;74;48;2;198;73;82m▀▀▀[38;2;198;73;82;48;2;0;0;0m▀▀▀[0m[38;2;0;0;0m▀▀▀[0m     
 [48;2;0;0;0m [48;2;247;73;74m  [38;2;247;73;74;48;2;99;56;74m▀[48;2;198;73;82m▀▀▀▀▀▀[48;2;99;56;74m▀[48;2;247;73;74m   [38;2;198;73;82m▀▀[48;2;198;73;82m [48;2;255;251;255m [48;2;255;146;90m [48;2;0;0;0m [38;2;247;73;74;48;2;198;73;82m▀[48;2;255;146;90m  [38;2;99;56;74;48;2;247;73;74m▀[38;2;255;146;90;48;2;99;56;74m▀[48;2;247;73;74m▀ [38;2;247;73;74;48;2;198;73;82m▀▀▀[38;2;198;73;82;48;2;0;0;0m▀▀▀[0m[38;2;0;0;0m▀▀▀[0m           
 [48;2;0;0;0m [48;2;247;73;74m [38;2;99;56;74;48;2;198;73;82m▀[48;2;247;73;74m      [38;2;255;146;90;48;2;198;73;82m▀[38;2;198;73;82;48;2;255;146;90m▀[38;2;247;73;74;48;2;198;73;82m▀[48;2;247;73;74m     [48;2;255;203;140m [48;2;255;146;90m  [48;2;0;0;0m [48;2;198;73;82m▀▀▀[38;2;198;73;82;48;2;0;0;0m▀[38;2;99;56;74m▀[38;2;198;73;82m▀[38;2;0;0;0;48;2;247;73;74m▀[48;2;255;146;90m▀[48;2;255;203;140m▀[48;2;0;0;0m [0m                
 [48;2;0;0;0m [48;2;247;73;74m [48;2;198;73;82m [48;2;247;73;74m      [38;2;99;56;74m▀[48;2;198;73;82m▀[48;2;247;73;74m       [48;2;255;203;140m [48;2;255;146;90m [48;2;0;0;0m [38;2;0;0;0;48;2;198;73;82m▀[48;2;255;146;90m▀[48;2;247;73;74m▀[38;2;247;73;74;48;2;198;73;82m▀[38;2;255;146;90m▀[38;2;247;73;74;48;2;99;56;74m▀[38;2;198;73;82m▀[48;2;0;0;0m▀[38;2;99;56;74m▀[0m[38;2;0;0;0m▀[0m                
 [48;2;0;0;0m [48;2;247;73;74m [48;2;198;73;82m [48;2;247;73;74m       [48;2;198;73;82m [48;2;247;73;74m       [48;2;255;203;140m [48;2;255;146;90m  [38;2;99;56;74;48;2;0;0;0m▀[38;2;198;73;82m▀[38;2;99;56;74m▀▀[38;2;0;0;0;48;2;99;56;74m▀[48;2;255;146;90m▀▀▀[48;2;247;73;74m▀▀▀[0m[38;2;0;0;0m▄▄▄▄▄▄▄[0m        
 [48;2;0;0;0m [48;2;247;73;74m [48;2;99;56;74m [48;2;247;73;74m      [38;2;99;56;74;48;2;198;73;82m▀[38;2;255;146;90;48;2;99;56;74m▀[38;2;198;73;82;48;2;247;73;74m▀       [48;2;255;203;140m [48;2;255;146;90m [48;2;0;0;0m [38;2;0;0;0;48;2;247;73;74m▀[38;2;247;73;74;48;2;99;56;74m▀[38;2;99;56;74;48;2;247;73;74m▀[38;2;255;146;90m▀▀▀[38;2;247;73;74;48;2;255;146;90m▀[38;2;255;146;90;48;2;198;73;82m▀[48;2;247;73;74m▀[38;2;247;73;74;48;2;255;146;90m▀▀▀▀[48;2;247;73;74m [48;2;255;203;140m▀[38;2;255;203;140;48;2;198;73;82m▀[48;2;0;0;0m [0m        
 [48;2;0;0;0m [38;2;247;73;74;48;2;255;146;90m▀[48;2;247;73;74m [38;2;99;56;74m▀▀[38;2;198;73;82m▀▀▀▀[38;2;99;56;74m▀▀        [48;2;255;203;140m [48;2;255;146;90m [38;2;255;146;90;48;2;99;56;74m▀[38;2;99;56;74;48;2;255;146;90m▀[38;2;247;73;74m▀▀[48;2;247;73;74m [48;2;255;203;140m▀[38;2;255;146;90;48;2;198;73;82m▀[38;2;198;73;82;48;2;156;219;165m▀[38;2;156;219;165;48;2;82;121;123m▀[48;2;99;56;74m [48;2;255;146;90m  [38;2;255;146;90;48;2;247;73;74m▀[38;2;247;73;74;48;2;255;203;140m▀[38;2;255;203;140;48;2;255;146;90m▀ [48;2;198;73;82m [38;2;255;251;255;48;2;156;219;165m▀[48;2;0;0;0m [0m       
[38;2;0;0;0m▄[48;2;99;56;74m▀▀▀▀[48;2;0;0;0m [38;2;247;73;74;48;2;99;56;74m▀▀▀▀▀[48;2;198;73;82m▀▀▀▀▀▀[48;2;99;56;74m▀▀[38;2;99;56;74;48;2;255;146;90m▀▀▀[38;2;255;146;90;48;2;255;203;140m▀▀▀[38;2;247;73;74m▀▀[48;2;198;73;82m [38;2;156;219;165;48;2;99;56;74m▀[38;2;82;121;123m▀[38;2;99;56;74;48;2;247;73;74m▀[38;2;255;146;90m▀▀[38;2;247;73;74;48;2;255;251;255m▀[38;2;255;203;140;48;2;255;146;90m▀   [48;2;0;0;0m [38;2;82;121;123m▀ [0m       
[48;2;0;0;0m [48;2;247;73;74m    [38;2;255;146;90m▀ ▀▀▀▀▀▀▀▀▀▀▀[38;2;255;203;140m▀    [38;2;198;73;82m▀▀  [38;2;255;203;140m▀[48;2;198;73;82m▀▀▀▀[48;2;255;251;255m [48;2;198;73;82m [38;2;0;0;0;48;2;255;251;255m▀[38;2;247;73;74;48;2;0;0;0m▀[48;2;255;146;90m [48;2;247;73;74m [48;2;0;0;0m [38;2;66;56;82m▀[38;2;0;0;0;48;2;132;121;123m▀[48;2;0;0;0m [0m      
[48;2;0;0;0m [48;2;247;73;74m                              [38;2;198;73;82m▀[48;2;255;203;140m [48;2;0;0;0m▀[38;2;156;219;165;48;2;82;121;123m▀[48;2;0;0;0m [38;2;255;146;90;48;2;247;73;74m▀[38;2;247;73;74;48;2;198;73;82m▀[48;2;0;0;0m [38;2;132;121;123m▀[38;2;0;0;0;48;2;132;121;123m▀[48;2;0;0;0m [0m      
[38;2;0;0;0m▀[38;2;255;146;90;48;2;0;0;0m▀[38;2;247;73;74m▀▀▀▀▀▀[48;2;247;73;74m                  [48;2;255;146;90m▀[48;2;0;0;0m▀▀▀▀[38;2;255;146;90m▀[38;2;255;203;140m▀  [38;2;247;73;74;48;2;198;73;82m▀[38;2;198;73;82;48;2;99;56;74m▀[38;2;99;56;74;48;2;0;0;0m▀ [38;2;214;186;173m▀ [0m[38;2;0;0;0m▀[0m      
  [48;2;0;0;0m [38;2;66;56;82;48;2;214;186;173m▀[48;2;0;0;0m▀[38;2;0;0;0;48;2;214;186;173m▀[38;2;66;56;82m▀[48;2;0;0;0m▀ [38;2;0;0;0;48;2;66;56;82m▀▀[48;2;0;0;0m [48;2;66;56;82m▀▀▀[48;2;0;0;0m [48;2;66;56;82m▀▀▀[48;2;0;0;0m [48;2;66;56;82m▀▀▀[48;2;0;0;0m [48;2;66;56;82m▀▀▀[48;2;0;0;0m [48;2;90;81;99m▀[48;2;214;186;173m▀▀[38;2;90;81;99;48;2;0;0;0m▀[38;2;0;0;0;48;2;90;81;99m▀[48;2;0;0;0m  [38;2;99;56;74m▀ [38;2;247;73;74;48;2;255;146;90m▀[48;2;0;0;0m [0m[38;2;0;0;0m▀[0m        
 [38;2;0;0;0m▄[48;2;132;121;123m▀[48;2;0;0;0m  [48;2;255;146;90m▀▀[38;2;90;81;99;48;2;0;0;0m▀[38;2;214;186;173m▀▀ [38;2;90;81;99m▀[38;2;214;186;173m▀▀ [38;2;90;81;99m▀[38;2;214;186;173m▀▀ [38;2;90;81;99m▀[38;2;214;186;173m▀▀ [38;2;90;81;99m▀[38;2;214;186;173m▀▀  [38;2;0;0;0;48;2;255;146;90m▀▀[48;2;0;0;0m [38;2;255;251;255m▀[38;2;0;0;0;48;2;255;251;255m▀[38;2;132;121;123;48;2;0;0;0m▀ [38;2;247;73;74;48;2;255;146;90m▀[48;2;0;0;0m  [0m[38;2;0;0;0m▄▄▄[38;2;41;32;49m▄[0m      
 [48;2;0;0;0m [38;2;214;186;173m▀ [38;2;255;146;90;48;2;247;73;74m▀[48;2;0;0;0m  [48;2;247;73;74m▀[48;2;0;0;0m [38;2;0;0;0;48;2;255;146;90m▀[38;2;255;146;90;48;2;0;0;0m▀▀▀[38;2;0;0;0;48;2;255;146;90m▀[48;2;0;0;0m [48;2;255;146;90m▀[38;2;255;146;90;48;2;0;0;0m▀▀▀[38;2;0;0;0;48;2;255;146;90m▀[48;2;0;0;0m [48;2;255;146;90m▀[38;2;255;146;90;48;2;0;0;0m▀▀▀[38;2;0;0;0;48;2;255;146;90m▀[48;2;0;0;0m [38;2;255;146;90;48;2;247;73;74m▀[48;2;0;0;0m  [48;2;247;73;74m▀[48;2;0;0;0m [38;2;0;0;0;48;2;255;251;255m▀[38;2;132;121;123;48;2;0;0;0m▀     [38;2;0;0;0;48;2;41;32;49m▀[0m[38;2;41;32;49m▀[0m       
 [38;2;0;0;0m▀[38;2;90;81;99;48;2;0;0;0m▀[38;2;0;0;0;48;2;132;121;123m▀[48;2;0;0;0m [38;2;247;73;74m▀▀  [38;2;255;146;90;48;2;247;73;74m▀[48;2;0;0;0m ▀ [48;2;247;73;74m▀[48;2;0;0;0m [48;2;247;73;74m▀[48;2;0;0;0m ▀ [48;2;247;73;74m▀[48;2;0;0;0m [48;2;247;73;74m▀[48;2;0;0;0m ▀ [48;2;247;73;74m▀[48;2;0;0;0m  [38;2;247;73;74m▀▀ [38;2;0;0;0;48;2;214;186;173m▀[48;2;0;0;0m     [48;2;41;32;49m▀[0m[38;2;41;32;49m▀[0m         
  [38;2;0;0;0;48;2;41;32;49m▀[48;2;0;0;0m [38;2;90;81;99m▀[38;2;214;186;173m▀[38;2;0;0;0;48;2;90;81;99m▀▀[48;2;214;186;173m▀[48;2;0;0;0m [38;2;247;73;74;48;2;90;81;99m▀▀[48;2;214;186;173m▀[48;2;0;0;0m [38;2;0;0;0;48;2;90;81;99m▀▀[38;2;247;73;74;48;2;214;186;173m▀[48;2;0;0;0m▀[48;2;90;81;99m▀[38;2;0;0;0m▀[48;2;214;186;173m▀[48;2;0;0;0m [38;2;247;73;74;48;2;90;81;99m▀▀[48;2;214;186;173m▀[48;2;0;0;0m [38;2;0;0;0;48;2;90;81;99m▀▀[48;2;214;186;173m▀[48;2;0;0;0m [38;2;90;81;99m▀    [38;2;0;0;0;48;2;41;32;49m▀[0m[38;2;41;32;49m▀[0m           
 [38;2;41;32;49m▀[38;2;0;0;0m▀▀▀▀▀▀▀▀▀▀▀▀▀▀▀▀▀▀▀▀▀▀▀▀▀▀▀▀▀▀▀▀[38;2;41;32;49m▀[0m             
