       [38;2;8;8;8m▄[48;2;132;56;66m▀[48;2;239;73;66m▀[48;2;255;130;107m▀▀▀[48;2;239;73;66m▀[0m[38;2;8;8;8m▄[0m   
      [48;2;8;8;8m [38;2;132;56;66;48;2;239;73;66m▀[38;2;239;73;66;48;2;255;130;107m▀ [38;2;255;130;107;48;2;255;186;156m▀[38;2;255;186;156;48;2;255;243;247m▀▀[48;2;255;186;156m [38;2;239;73;66;48;2;255;130;107m▀[38;2;8;8;8;48;2;239;73;66m▀[0m[38;2;8;8;8m▄[0m 
     [48;2;8;8;8m [48;2;132;56;66m [48;2;239;73;66m [48;2;255;130;107m  [38;2;255;186;156m▀[38;2;255;243;247;48;2;255;186;156m▀[48;2;255;243;247m [48;2;255;186;156m▀[48;2;255;130;107m [48;2;239;73;66m [48;2;8;8;8m [0m[38;2;8;8;8m▄[0m
     [48;2;8;8;8m [48;2;132;56;66m [38;2;239;73;66m▀[38;2;255;130;107;48;2;239;73;66m▀▀[48;2;255;130;107m     [48;2;255;186;156m▀[48;2;8;8;8m▀ [0m
     [48;2;8;8;8m [38;2;132;56;66;48;2;239;73;66m▀▀[38;2;239;73;66;48;2;255;130;107m▀▀[48;2;255;186;156m▀[38;2;255;130;107m▀[38;2;255;186;156;48;2;57;48;57m▀[48;2;8;8;8m▀[48;2;255;154;99m▀[48;2;8;8;8m [0m[38;2;8;8;8m▀[0m 
     [38;2;8;8;8m▀▀[48;2;8;8;8m  [48;2;115;113;99m▀[48;2;8;8;8m [38;2;148;81;57;48;2;255;154;99m▀[38;2;255;243;247;48;2;255;211;148m▀[38;2;8;8;8m▀[38;2;255;211;148;48;2;255;154;99m▀[48;2;8;8;8m [0m  
   [38;2;8;8;8m▄▄▄[48;2;239;73;66m▀▀[38;2;132;56;66;48;2;255;130;107m▀[38;2;8;8;8;48;2;239;73;66m▀[48;2;8;8;8m [48;2;148;81;57m [38;2;255;154;99;48;2;8;8;8m▀▀[0m[38;2;8;8;8m▀▄[0m  
 [38;2;8;8;8m▄[48;2;148;81;57m▀ [48;2;8;8;8m [48;2;132;56;66m [48;2;8;8;8m [48;2;239;73;66m [38;2;255;130;107;48;2;132;56;66m▀[48;2;8;8;8m ▀[38;2;132;56;66m▀ [0m[38;2;8;8;8m▄▄[48;2;8;8;8m [0m[38;2;8;8;8m▄▄[0m
 [48;2;8;8;8m [48;2;148;81;57m  [48;2;8;8;8m [38;2;132;56;66m▀ [38;2;255;186;156;48;2;255;130;107m▀[48;2;132;56;66m▀[38;2;8;8;8;48;2;255;154;99m▀[38;2;57;48;57;48;2;8;8;8m▀▀[38;2;115;113;99m▀▀[38;2;57;48;57;48;2;255;154;99m▀[48;2;8;8;8m▀[38;2;115;113;99m▀ [0m
 [38;2;8;8;8m▄[48;2;8;8;8m [0m[38;2;8;8;8m▀[48;2;8;8;8m [38;2;132;56;66m▀[38;2;8;8;8;48;2;132;56;66m▀▀[38;2;255;154;99;48;2;8;8;8m▀[38;2;255;211;148;48;2;148;81;57m▀[38;2;148;81;57;48;2;255;154;99m▀[48;2;8;8;8m [0m [38;2;8;8;8m▀▀[0m   
[48;2;8;8;8m [38;2;198;170;148;48;2;57;48;57m▀[48;2;115;113;99m [38;2;8;8;8;48;2;132;56;66m▀[48;2;8;8;8m [48;2;132;56;66m [48;2;239;73;66m [38;2;132;56;66m▀▀[48;2;8;8;8m [38;2;8;8;8;48;2;132;56;66m▀▀[0m[38;2;8;8;8m▄[0m     
[48;2;8;8;8m [38;2;198;170;148;48;2;115;113;99m▀[38;2;57;48;57m▀[38;2;239;73;66;48;2;8;8;8m▀[48;2;239;73;66m [38;2;8;8;8;48;2;255;130;107m▀[38;2;132;56;66;48;2;255;186;156m▀[38;2;239;73;66;48;2;8;8;8m▀[38;2;132;56;66m▀ [48;2;132;56;66m [38;2;239;73;66m▀[38;2;132;56;66;48;2;239;73;66m▀[38;2;8;8;8;48;2;132;56;66m▀[0m[38;2;8;8;8m▄[48;2;115;113;99m▀[48;2;8;8;8m [0m 
 [38;2;8;8;8;48;2;57;48;57m▀[38;2;57;48;57;48;2;8;8;8m▀        [38;2;132;56;66m▀[38;2;8;8;8;48;2;115;113;99m▀[38;2;57;48;57m▀[38;2;115;113;99;48;2;57;48;57m▀[48;2;8;8;8m▀[38;2;8;8;8;48;2;57;48;57m▀[0m 
  [38;2;57;48;57m▀[38;2;8;8;8;48;2;57;48;57m▀[48;2;8;8;8m       [48;2;57;48;57m▀[0m[38;2;8;8;8m▀▀▀[38;2;57;48;57m▀[0m  
