               [38;2;8;8;8m▄[48;2;132;56;66m▀[48;2;239;73;66m▀[48;2;255;130;107m▀▀▀[48;2;239;73;66m▀[0m[38;2;8;8;8m▄[0m                          
              [48;2;8;8;8m [38;2;132;56;66;48;2;239;73;66m▀[38;2;239;73;66;48;2;255;130;107m▀ [38;2;255;130;107;48;2;255;186;156m▀[38;2;255;186;156;48;2;255;243;247m▀▀[38;2;255;130;107;48;2;255;186;156m▀[38;2;239;73;66;48;2;255;130;107m▀[38;2;8;8;8;48;2;239;73;66m▀[0m[38;2;8;8;8m▄[0m                        
             [48;2;8;8;8m [48;2;132;56;66m [48;2;239;73;66m [48;2;255;130;107m  [48;2;255;186;156m [38;2;255;243;247m▀[48;2;255;243;247m [48;2;255;186;156m▀[48;2;255;130;107m [48;2;239;73;66m [48;2;8;8;8m [0m                        
             [48;2;8;8;8m [48;2;132;56;66m [48;2;239;73;66m [38;2;255;130;107m▀[48;2;255;130;107m  [38;2;255;186;156m▀▀  [38;2;239;73;66;48;2;255;186;156m▀[38;2;255;130;107;48;2;8;8;8m▀ [0m                       
  [48;2;0;0;0m [0m          [48;2;8;8;8m [38;2;132;56;66;48;2;239;73;66m▀▀[38;2;239;73;66;48;2;255;130;107m▀▀[48;2;255;186;156m▀[38;2;255;130;107m▀[38;2;255;186;156;48;2;57;48;49m▀[48;2;8;8;8m▀[48;2;247;154;90m▀[48;2;8;8;8m [0m[38;2;8;8;8m▀▄[48;2;247;154;90m▀▀[48;2;8;8;8m [0m                    
  [48;2;0;0;0m [0m          [38;2;8;8;8m▀▀[48;2;8;8;8m  [48;2;115;105;82m▀[48;2;8;8;8m [38;2;148;81;49;48;2;247;154;90m▀[38;2;255;243;247;48;2;255;211;148m▀[38;2;8;8;8m▀[38;2;255;211;148;48;2;247;154;90m▀[48;2;8;8;8m [38;2;8;8;8;48;2;74;73;74m▀[48;2;132;121;115m▀[38;2;0;0;0m▀[48;2;0;0;0m [48;2;74;73;74m▀[48;2;132;121;115m▀▀▀▀[48;2;214;203;189m▀[48;2;0;0;0m [0m[38;2;0;0;0m▄▄[48;2;214;203;189m▀[0m[38;2;0;0;0m▄▄▄▄[0m       
   [48;2;0;0;0m [0m         [38;2;8;8;8m▄[48;2;239;73;66m▀[48;2;255;130;107m▀[48;2;132;56;66m▀[48;2;8;8;8m  [38;2;148;81;49m▀[38;2;247;154;90;48;2;148;81;49m▀[48;2;8;8;8m▀[38;2;8;8;8;48;2;239;73;66m▀[38;2;0;0;0;48;2;8;8;8m▀[38;2;8;8;8;48;2;247;154;90m▀[48;2;255;211;148m▀[48;2;8;8;8m [48;2;0;0;0m [38;2;74;73;74m▀▀▀▀[38;2;132;121;115m▀[38;2;57;48;57m▀[38;2;74;73;74m▀[38;2;132;121;115m▀▀[38;2;74;73;74m▀ [38;2;132;121;115m▀[38;2;255;251;255m▀ [0m       
   [48;2;0;0;0m [0m         [48;2;8;8;8m [38;2;132;56;66m▀[38;2;8;8;8;48;2;239;73;66m▀[38;2;132;56;66;48;2;255;186;156m▀[38;2;8;8;8;48;2;239;73;66m▀[38;2;132;56;66;48;2;8;8;8m▀  ▀[38;2;8;8;8;48;2;239;73;66m▀[38;2;239;73;66;48;2;255;130;107m▀[38;2;247;154;90;48;2;8;8;8m▀[38;2;255;211;148m▀[0m[38;2;8;8;8m▀[0m [38;2;0;0;0m▀[38;2;74;73;74;48;2;0;0;0m▀[38;2;214;203;189;48;2;74;73;74m▀[38;2;132;121;115;48;2;0;0;0m▀[0m[38;2;0;0;0m▀[0m                
   [48;2;0;0;0m [0m          [48;2;8;8;8m [38;2;8;8;8;48;2;132;56;66m▀[38;2;239;73;66;48;2;8;8;8m▀[38;2;255;130;107;48;2;132;56;66m▀[38;2;239;73;66;48;2;255;130;107m▀[38;2;132;56;66m▀[38;2;8;8;8;48;2;239;73;66m▀[38;2;239;73;66;48;2;255;130;107m▀[38;2;255;130;107;48;2;239;73;66m▀[38;2;239;73;66;48;2;8;8;8m▀ [38;2;0;0;0;48;2;198;73;82m▀▀▀▀[48;2;0;0;0m [48;2;74;73;74m [48;2;0;0;0m [48;2;255;146;90m▀▀[48;2;198;73;82m▀[0m[38;2;0;0;0m▄[0m             
    [48;2;0;0;0m [0m        [38;2;0;0;0m▄[48;2;247;73;74m▀[38;2;8;8;8;48;2;255;146;90m▀[38;2;132;56;66;48;2;8;8;8m▀[38;2;8;8;8;48;2;132;56;66m▀ [38;2;255;130;107;48;2;8;8;8m▀▀[38;2;8;8;8;48;2;132;56;66m▀[48;2;239;73;66m▀[48;2;132;56;66m [48;2;0;0;0m▀  [38;2;247;73;74;48;2;198;73;82m▀ [48;2;0;0;0m [38;2;214;203;189;48;2;132;121;115m▀[48;2;0;0;0m [38;2;255;146;90;48;2;198;73;82m▀[38;2;198;73;82;48;2;255;203;140m▀[38;2;255;203;140;48;2;0;0;0m▀[38;2;255;146;90;48;2;247;73;74m▀[48;2;0;0;0m [0m            
    [48;2;0;0;0m [0m      [38;2;0;0;0m▄[48;2;247;73;74m▀[38;2;247;73;74;48;2;255;146;90m▀[38;2;255;146;90;48;2;198;73;82m▀ [48;2;255;146;90m [38;2;8;8;8;48;2;99;56;74m▀[48;2;0;0;0m▀[38;2;132;56;66m▀▀[38;2;239;73;66m▀[38;2;8;8;8m▀  [38;2;0;0;0;48;2;198;73;82m▀[48;2;255;203;140m▀[38;2;255;146;90;48;2;198;73;82m▀ [38;2;0;0;0m▀▀[38;2;198;73;82;48;2;255;203;140m▀[38;2;255;203;140;48;2;0;0;0m▀[0m[38;2;0;0;0m▀[48;2;0;0;0m [48;2;247;73;74m [48;2;0;0;0m [0m            
    [38;2;0;0;0m▀▄[0m   [38;2;0;0;0m▄[48;2;255;146;90m▀[38;2;247;73;74;48;2;255;203;140m▀[38;2;255;146;90;48;2;198;73;82m▀[38;2;99;56;74;48;2;255;203;140m▀[38;2;255;146;90m▀▀[38;2;247;73;74m▀[38;2;255;146;90m▀▀▀▀▀▀▀ [38;2;255;251;255m▀[38;2;255;146;90m▀[48;2;255;251;255m▀[38;2;255;203;140;48;2;255;146;90m▀[38;2;198;73;82;48;2;255;251;255m▀[38;2;255;251;255;48;2;0;0;0m▀[0m[38;2;0;0;0m▀[38;2;247;186;57m▄▀[48;2;0;0;0m [48;2;247;73;74m [48;2;0;0;0m [0m            
     [48;2;0;0;0m [0m  [38;2;0;0;0m▄[48;2;198;73;82m▀[48;2;255;146;90m [38;2;255;203;140m▀[38;2;198;73;82;48;2;99;56;74m▀[38;2;255;203;140;48;2;198;73;82m▀[38;2;255;146;90m▀[38;2;255;203;140m▀[38;2;255;146;90m▀[38;2;255;203;140m▀[38;2;255;146;90m▀[38;2;255;203;140m▀[38;2;255;146;90m▀[38;2;255;203;140m▀[38;2;255;146;90m▀[38;2;255;203;140m▀[38;2;255;146;90m▀[38;2;255;203;140m▀[38;2;255;146;90m▀[38;2;255;203;140m▀[38;2;198;73;82;48;2;99;56;74m▀[38;2;255;251;255;48;2;255;203;140m▀[48;2;0;0;0m [0m[38;2;247;186;57m▀▄▀[48;2;0;0;0m [48;2;247;73;74m [48;2;0;0;0m [0m  [38;2;0;0;0m▄[48;2;255;203;140m▀[48;2;0;0;0m [0m       
    [38;2;0;0;0m▄[48;2;0;0;0m [0m[38;2;0;0;0m▄▄[48;2;198;73;82m▀[38;2;247;73;74;48;2;255;146;90m▀[38;2;255;146;90;48;2;247;73;74m▀[48;2;255;146;90m [38;2;99;56;74;48;2;198;73;82m▀[48;2;247;73;74m [38;2;247;73;74;48;2;255;146;90m▀[48;2;0;0;0m▀[38;2;0;0;0;48;2;198;73;82m▀▀▀[48;2;247;73;74m▀▀▀[48;2;255;146;90m▀[48;2;255;203;140m▀[48;2;255;146;90m▀[48;2;0;0;0m [48;2;99;56;74m▀[48;2;0;0;0m [48;2;247;73;74m [48;2;255;203;140m [48;2;0;0;0m [0m[38;2;247;186;57m▀▄▀[48;2;0;0;0m [48;2;247;73;74m [48;2;0;0;0m [0m  [48;2;0;0;0m [38;2;255;146;90;48;2;247;73;74m▀[48;2;0;0;0m [0m       
    [48;2;0;0;0m [38;2;214;203;189;48;2;132;121;115m▀[48;2;0;0;0m [38;2;0;0;0;48;2;198;73;82m▀[48;2;247;73;74m   [38;2;255;146;90m▀[48;2;198;73;82m [48;2;247;73;74m [48;2;255;146;90m [48;2;0;0;0m [38;2;198;73;82m▀[38;2;247;73;74m▀▀▀[38;2;255;146;90m▀[48;2;148;81;49m▀[38;2;148;81;49;48;2;255;251;255m▀[48;2;0;0;0m [38;2;247;154;90;48;2;247;186;57m▀[48;2;0;0;0m [0m [48;2;0;0;0m [48;2;247;73;74m [48;2;255;203;140m [48;2;0;0;0m [0m[38;2;247;186;57m▀▄▀[48;2;0;0;0m [38;2;247;73;74;48;2;255;146;90m▀[48;2;0;0;0m [0m[38;2;0;0;0m▄▄[48;2;0;0;0m  [0m[38;2;0;0;0m▄[0m       
    [38;2;0;0;0m▀[38;2;132;121;115;48;2;0;0;0m▀[38;2;0;0;0;48;2;198;73;82m▀[48;2;247;73;74m    [38;2;255;146;90m▀[48;2;198;73;82m [48;2;247;73;74m [48;2;255;203;140m▀[48;2;0;0;0m [38;2;99;56;74m▀  [38;2;148;81;49m▀ [38;2;247;154;90;48;2;148;81;49m▀[38;2;247;186;57;48;2;247;154;90m▀▀[38;2;247;154;90;48;2;0;0;0m▀[0m[38;2;0;0;0m▀[0m [48;2;0;0;0m [48;2;247;73;74m [48;2;255;203;140m [48;2;0;0;0m [0m[38;2;247;186;57m▀[38;2;0;0;0m▄[48;2;255;146;90m▀[38;2;255;146;90;48;2;198;73;82m▀[38;2;198;73;82;48;2;247;73;74m▀[38;2;255;146;90m▀▀▀▀[38;2;255;203;140;48;2;255;146;90m▀[38;2;247;73;74m▀[38;2;0;0;0m▀▀[48;2;247;73;74m▀[0m[38;2;0;0;0m▄▄▄[0m 
    [38;2;0;0;0m▄[48;2;198;73;82m▀[48;2;247;73;74m      [48;2;198;73;82m [48;2;247;73;74m [48;2;255;203;140m [48;2;0;0;0m [38;2;247;73;74m▀[38;2;255;146;90m▀[38;2;198;73;82;48;2;255;146;90m▀[38;2;0;0;0;48;2;247;73;74m▀[48;2;198;73;82m▀[48;2;0;0;0m [38;2;148;81;49m▀[38;2;0;0;0;48;2;198;73;82m▀[38;2;198;73;82;48;2;0;0;0m▀ [0m [48;2;0;0;0m [48;2;247;73;74m [48;2;255;203;140m [48;2;0;0;0m [38;2;0;0;0;48;2;255;203;140m▀[38;2;255;203;140;48;2;198;73;82m▀[38;2;198;73;82;48;2;255;146;90m▀   [38;2;255;146;90;48;2;255;203;140m▀[38;2;255;203;140;48;2;247;73;74m▀[38;2;247;73;74;48;2;255;146;90m▀[48;2;247;73;74m [48;2;255;146;90m▀[48;2;247;73;74m [38;2;255;146;90m▀▀▀[38;2;247;73;74;48;2;255;203;140m▀[38;2;255;203;140;48;2;247;73;74m▀[48;2;0;0;0m [0m
    [48;2;0;0;0m [38;2;198;73;82;48;2;99;56;74m▀[38;2;247;73;74;48;2;198;73;82m▀▀▀▀▀▀[38;2;99;56;74;48;2;0;0;0m▀[48;2;247;73;74m [48;2;255;203;140m [48;2;0;0;0m [38;2;198;73;82m▀[38;2;255;146;90;48;2;247;73;74m▀[38;2;0;0;0;48;2;255;146;90m▀[38;2;255;146;90;48;2;198;73;82m▀[38;2;247;73;74m▀[38;2;198;73;82;48;2;255;146;90m▀[48;2;0;0;0m [48;2;247;73;74m [48;2;0;0;0m ▀[38;2;0;0;0;48;2;247;73;74m▀[48;2;0;0;0m [48;2;247;73;74m [48;2;255;203;140m [38;2;255;146;90;48;2;198;73;82m▀[38;2;198;73;82;48;2;255;146;90m▀[38;2;247;73;74m▀▀▀[48;2;255;203;140m▀[48;2;255;146;90m▀[48;2;247;73;74m [38;2;255;146;90m▀ ▀[38;2;247;73;74;48;2;255;146;90m▀[38;2;255;146;90;48;2;247;73;74m▀[38;2;247;73;74;48;2;255;146;90m▀[38;2;255;146;90;48;2;255;203;140m▀[38;2;255;203;140;48;2;198;73;82m▀[38;2;99;56;74;48;2;255;251;255m▀[38;2;247;73;74;48;2;198;73;82m▀[48;2;0;0;0m [0m
    [48;2;0;0;0m [38;2;140;121;82;48;2;247;73;74m▀[38;2;255;146;90m▀[48;2;206;186;132m▀[48;2;0;0;0m▀[48;2;206;186;132m▀[48;2;0;0;0m▀[48;2;247;73;74m [48;2;99;56;74m [48;2;247;73;74m [38;2;255;203;140;48;2;198;73;82m▀[38;2;0;0;0;48;2;255;146;90m▀[38;2;99;56;74m▀[38;2;0;0;0;48;2;255;203;140m▀[38;2;99;56;74m▀▀[38;2;0;0;0m▀[38;2;99;56;74m▀[38;2;0;0;0m▀[48;2;255;146;90m▀[48;2;247;73;74m▀▀[38;2;99;56;74m▀[38;2;0;0;0;48;2;99;56;74m▀[48;2;247;73;74m [38;2;99;56;74;48;2;198;73;82m▀[38;2;255;203;140m▀[48;2;247;73;74m▀▀▀[48;2;198;73;82m▀[38;2;255;251;255m▀[38;2;255;146;90;48;2;255;203;140m▀▀▀[48;2;255;146;90m [38;2;247;73;74m▀▀[48;2;255;251;255m▀[38;2;255;203;140;48;2;99;56;74m▀[48;2;198;73;82m [38;2;198;73;82;48;2;99;56;74m▀[38;2;255;243;165;48;2;247;186;57m▀[38;2;247;73;74;48;2;0;0;0m▀[0m[38;2;0;0;0m▀[0m
    [48;2;0;0;0m [48;2;247;73;74m [38;2;247;73;74;48;2;140;121;82m▀[48;2;255;146;90m▀[38;2;99;56;74;48;2;206;186;132m▀▀[38;2;0;0;0m▀[38;2;247;73;74;48;2;198;73;82m▀▀ [48;2;99;56;74m [38;2;198;73;82;48;2;247;73;74m▀[48;2;99;56;74m▀[48;2;132;121;115m▀[48;2;255;251;255m▀[48;2;198;73;82m [48;2;247;73;74m▀▀▀▀▀[48;2;198;73;82m [48;2;247;73;74m▀[38;2;99;56;74;48;2;255;146;90m▀[38;2;247;73;74;48;2;198;73;82m▀[38;2;198;73;82;48;2;99;56;74m▀[48;2;247;73;74m    [38;2;247;73;74;48;2;198;73;82m▀▀▀  [38;2;255;203;140m▀[38;2;255;251;255m▀[48;2;255;203;140m▀[48;2;247;73;74m [48;2;255;243;165m▀[38;2;99;56;74;48;2;247;73;74m▀[38;2;247;73;74;48;2;0;0;0m▀[38;2;0;0;0;48;2;74;73;74m▀[48;2;0;0;0m [0m 
    [48;2;0;0;0m [48;2;247;73;74m [38;2;247;73;74;48;2;140;121;82m▀[48;2;206;186;132m     [48;2;0;0;0m▀[38;2;255;146;90m▀▀[38;2;99;56;74;48;2;255;146;90m▀[38;2;198;73;82;48;2;99;56;74m▀[38;2;99;56;74;48;2;198;73;82m▀[48;2;247;73;74m▀▀     [38;2;198;73;82m▀▀[48;2;198;73;82m [48;2;247;73;74m [38;2;99;56;74m▀[38;2;198;73;82m▀▀[48;2;198;73;82m [38;2;99;56;74;48;2;255;146;90m▀[38;2;255;146;90;48;2;0;0;0m▀▀▀[38;2;255;203;140m▀▀[38;2;255;146;90m▀[38;2;247;73;74;48;2;255;203;140m▀[38;2;255;203;140;48;2;247;73;74m▀[38;2;99;56;74;48;2;255;146;90m▀[38;2;247;186;57;48;2;0;0;0m▀[38;2;0;0;0;48;2;247;73;74m▀[48;2;0;0;0m [48;2;57;48;57m [48;2;132;121;115m [48;2;0;0;0m [0m
    [48;2;0;0;0m [38;2;247;73;74;48;2;198;73;82m▀[38;2;140;121;82;48;2;255;146;90m▀[48;2;140;121;82m [48;2;206;186;132m [48;2;140;121;82m [48;2;206;186;132m  [48;2;0;0;0m    [38;2;247;73;74m▀[38;2;99;56;74;48;2;247;73;74m▀[38;2;247;73;74;48;2;99;56;74m▀[48;2;247;73;74m        [48;2;198;73;82m [48;2;247;73;74m  [48;2;198;73;82m▀[38;2;198;73;82;48;2;255;146;90m▀[38;2;255;146;90;48;2;0;0;0m▀  [38;2;57;48;57m▀ ▀   [38;2;255;203;140m▀[38;2;0;0;0;48;2;247;73;74m▀[38;2;247;73;74;48;2;255;203;140m▀[48;2;255;146;90m [48;2;0;0;0m  [48;2;132;121;115m [48;2;0;0;0m [0m
  [38;2;140;121;82m▄[0m [48;2;0;0;0m [38;2;247;73;74;48;2;206;186;132m▀[38;2;255;146;90;48;2;0;0;0m▀ [38;2;140;121;82m▀[48;2;74;73;74m▀▀[48;2;57;48;57m▀[38;2;74;73;74;48;2;0;0;0m▀▀[48;2;57;48;57m▀[48;2;74;73;74m [38;2;0;0;0;48;2;132;121;115m▀[48;2;0;0;0m [38;2;247;73;74m▀[38;2;99;56;74;48;2;247;73;74m▀[38;2;247;73;74;48;2;99;56;74m▀[48;2;247;73;74m    [48;2;198;73;82m ▀[38;2;255;146;90;48;2;99;56;74m▀[38;2;198;73;82;48;2;247;73;74m▀[38;2;247;73;74;48;2;198;73;82m▀[38;2;198;73;82;48;2;255;146;90m▀[38;2;255;146;90;48;2;0;0;0m▀ [38;2;0;0;0;48;2;74;73;74m▀[38;2;132;121;115m▀[38;2;74;73;74;48;2;57;48;57m▀[48;2;99;56;74m▀▀[48;2;0;0;0m▀[38;2;132;121;115;48;2;74;73;74m▀[38;2;0;0;0;48;2;132;121;115m▀[48;2;0;0;0m  [38;2;255;146;90m▀[38;2;0;0;0;48;2;198;73;82m▀[48;2;0;0;0m [48;2;57;48;57m▀[38;2;132;121;115;48;2;74;73;74m▀[48;2;0;0;0m [0m
[38;2;140;121;82m▄▀[0m [38;2;140;121;82m▄[38;2;206;186;132m▄[48;2;206;186;132m [0m[38;2;206;186;132m▄[48;2;206;186;132m [38;2;74;73;74m▀[48;2;57;48;57m▀[38;2;57;48;57;48;2;0;0;0m▀[38;2;0;0;0;48;2;198;73;82m▀[48;2;99;56;74m [38;2;198;73;82m▀[38;2;0;0;0;48;2;198;73;82m▀[38;2;57;48;57;48;2;0;0;0m▀[38;2;74;73;74;48;2;57;48;57m▀[38;2;132;121;115;48;2;255;251;255m▀[48;2;0;0;0m  [38;2;247;73;74m▀[38;2;99;56;74;48;2;247;73;74m▀[38;2;247;73;74;48;2;99;56;74m▀▀[48;2;198;73;82m▀[48;2;99;56;74m▀[48;2;198;73;82m▀[48;2;99;56;74m [48;2;198;73;82m▀[38;2;198;73;82;48;2;255;146;90m▀[38;2;255;146;90;48;2;0;0;0m▀ [38;2;74;73;74;48;2;132;121;115m▀[48;2;57;48;57m▀[38;2;57;48;57;48;2;0;0;0m▀[38;2;0;0;0;48;2;198;73;82m▀[38;2;198;73;82;48;2;99;56;74m▀ [38;2;0;0;0;48;2;198;73;82m▀[38;2;57;48;57;48;2;0;0;0m▀[38;2;74;73;74;48;2;57;48;57m▀[38;2;132;121;115;48;2;255;251;255m▀[48;2;0;0;0m [38;2;57;48;57m▀▀[38;2;74;73;74m▀▀[0m[38;2;0;0;0m▀[0m 
[38;2;140;121;82m▄▄[48;2;140;121;82m [48;2;206;186;132m   [48;2;255;235;189m   [48;2;206;186;132m [38;2;247;73;74m▀[38;2;198;73;82m▀[48;2;99;56;74m▀[48;2;198;73;82m [48;2;99;56;74m  [48;2;0;0;0m [38;2;214;203;189;48;2;132;121;115m▀[48;2;0;0;0m   [38;2;247;73;74m▀▀▀▀▀▀▀[38;2;255;146;90m▀[38;2;255;203;140m▀  [48;2;132;121;115m [48;2;0;0;0m [38;2;247;73;74;48;2;255;146;90m▀[48;2;198;73;82m [38;2;198;73;82;48;2;99;56;74m▀[48;2;198;73;82m [38;2;99;56;74m▀[48;2;99;56;74m [48;2;0;0;0m [48;2;132;121;115m [48;2;0;0;0m     [38;2;0;0;0;48;2;57;48;57m▀[0m[38;2;57;48;57m▀[0m
[48;2;140;121;82m   [48;2;206;186;132m  [48;2;255;235;189m   [48;2;206;186;132m [48;2;255;235;189m  [38;2;206;186;132m▀▀[38;2;198;73;82;48;2;206;186;132m▀▀[38;2;0;0;0;48;2;57;48;57m▀[38;2;57;48;57;48;2;74;73;74m▀[38;2;214;203;189;48;2;132;121;115m▀[48;2;0;0;0m              [38;2;132;121;115;48;2;214;203;189m▀[38;2;57;48;57;48;2;74;73;74m▀[38;2;99;56;74;48;2;0;0;0m▀[38;2;247;73;74;48;2;99;56;74m▀[38;2;198;73;82;48;2;255;203;140m▀[48;2;255;146;90m▀[48;2;0;0;0m▀[38;2;0;0;0;48;2;57;48;57m▀[38;2;57;48;57;48;2;74;73;74m▀[38;2;214;203;189;48;2;132;121;115m▀[48;2;0;0;0m   [38;2;0;0;0;48;2;57;48;57m▀[0m[38;2;57;48;57m▀[0m  
 [38;2;140;121;82m▀[38;2;206;186;132;48;2;140;121;82m▀ ▀[48;2;206;186;132m [48;2;140;121;82m▀[48;2;206;186;132m  [38;2;255;235;189m▀[48;2;255;235;189m   [48;2;206;186;132m▀[48;2;255;235;189m [38;2;206;186;132m▀[38;2;132;121;115;48;2;206;186;132m▀[38;2;0;0;0m▀▀[48;2;0;0;0m              [38;2;214;203;189m▀[38;2;74;73;74;48;2;132;121;115m▀[38;2;0;0;0m▀[38;2;99;56;74;48;2;214;203;189m▀[48;2;132;121;115m▀[38;2;57;48;57m▀[38;2;74;73;74m▀[38;2;214;203;189;48;2;0;0;0m▀  [38;2;0;0;0;48;2;57;48;57m▀[0m[38;2;57;48;57m▀[0m    
    [38;2;57;48;57m▀[38;2;140;121;82m▀▀▀▀▀▀[38;2;206;186;132m▀▀▀▀[38;2;140;121;82m▀▀[38;2;0;0;0m▀▀▀▀▀▀▀▀▀▀▀▀▀▀▀▀▀▀▀▀▀▀▀▀▀[38;2;57;48;57m▀[0m      
