                   [38;2;0;0;0m▄▄[48;2;247;73;74m▀▀[38;2;247;73;74;48;2;255;203;140m▀[38;2;255;203;140;48;2;255;146;90m▀[38;2;255;146;90;48;2;0;0;0m▀ [0m                     
               [38;2;0;0;0m▄▄[48;2;247;73;74m▀▀[38;2;247;73;74;48;2;255;146;90m▀[48;2;247;73;74m [48;2;255;203;140m▀[38;2;255;203;140;48;2;255;146;90m▀[38;2;255;146;90;48;2;0;0;0m▀[38;2;0;0;0;48;2;99;56;74m▀[38;2;99;56;74;48;2;0;0;0m▀[48;2;255;146;90m [48;2;0;0;0m [0m                    
           [38;2;0;0;0m▄▄[48;2;247;73;74m▀▀[38;2;247;73;74;48;2;255;146;90m▀▀ [38;2;255;146;90;48;2;247;73;74m▀[38;2;247;73;74;48;2;255;251;255m▀[38;2;255;203;140;48;2;255;146;90m▀[38;2;255;146;90;48;2;0;0;0m▀[38;2;0;0;0;48;2;99;56;74m▀ [38;2;99;56;74;48;2;214;186;173m▀[38;2;132;121;123m▀[38;2;0;0;0;48;2;132;121;123m▀[48;2;255;146;90m [48;2;0;0;0m [0m                   
        [38;2;0;0;0m▄[48;2;247;73;74m▀▀[38;2;247;73;74;48;2;255;146;90m▀▀  [38;2;255;146;90;48;2;247;73;74m▀▀[38;2;247;73;74;48;2;255;251;255m▀[38;2;255;251;255;48;2;255;203;140m▀[38;2;255;146;90;48;2;0;0;0m▀[38;2;0;0;0;48;2;99;56;74m▀ [38;2;99;56;74;48;2;132;121;123m▀[48;2;99;56;74m [38;2;214;186;173m▀[48;2;132;121;123m▀[48;2;99;56;74m▀[48;2;0;0;0m [48;2;255;146;90m [48;2;0;0;0m [0m                  
      [38;2;0;0;0m▄[48;2;255;146;90m▀[38;2;247;73;74m▀    [38;2;255;146;90;48;2;255;203;140m▀[38;2;247;73;74m▀[38;2;255;203;140;48;2;198;73;82m▀▀ [38;2;255;251;255;48;2;255;203;140m▀[48;2;255;146;90m [48;2;99;56;74m [48;2;214;186;173m   [48;2;99;56;74m  [38;2;99;56;74;48;2;214;186;173m▀[38;2;132;121;123m▀[38;2;0;0;0;48;2;132;121;123m▀[48;2;255;146;90m [48;2;0;0;0m [0m                 
    [38;2;0;0;0m▄[48;2;255;146;90m▀   [38;2;255;146;90;48;2;255;203;140m▀▀[38;2;255;203;140;48;2;198;73;82m▀▀[38;2;198;73;82;48;2;247;73;74m▀▀  ▀▀[48;2;255;203;140m [48;2;255;146;90m [48;2;99;56;74m [38;2;132;121;123m▀ [38;2;99;56;74;48;2;132;121;123m▀[48;2;99;56;74m [38;2;214;186;173m▀[48;2;132;121;123m▀[48;2;99;56;74m▀[48;2;0;0;0m [48;2;255;146;90m [48;2;0;0;0m [0m                
  [38;2;0;0;0m▄[48;2;255;146;90m▀ [38;2;255;146;90;48;2;255;203;140m▀▀[38;2;255;203;140;48;2;198;73;82m▀▀[38;2;198;73;82;48;2;247;73;74m▀▀        ▀[48;2;255;203;140m [48;2;255;146;90m [48;2;99;56;74m [48;2;214;186;173m   [48;2;99;56;74m [38;2;99;56;74;48;2;0;0;0m▀[38;2;0;0;0;48;2;255;146;90m▀[38;2;255;146;90;48;2;247;73;74m▀[48;2;0;0;0m [0m [38;2;0;0;0m▄▄▄▄▄▄▄▄▄[0m       
[38;2;0;0;0m▄[48;2;255;203;140m▀[38;2;255;146;90m▀[38;2;255;203;140;48;2;198;73;82m▀▀[38;2;198;73;82;48;2;247;73;74m▀▀              [48;2;255;203;140m [48;2;255;146;90m [48;2;99;56;74m [38;2;132;121;123m▀[38;2;99;56;74;48;2;0;0;0m▀[38;2;0;0;0;48;2;255;146;90m▀[38;2;255;146;90;48;2;0;0;0m▀ ▀ [38;2;0;0;0;48;2;255;146;90m▀      [38;2;255;146;90;48;2;255;203;140m▀[38;2;255;203;140;48;2;255;146;90m▀ [38;2;0;0;0m▀[0m[38;2;0;0;0m▄[0m     
[38;2;99;56;74;48;2;0;0;0m▀[38;2;198;73;82;48;2;247;73;74m▀▀                   [48;2;255;203;140m [38;2;255;146;90;48;2;0;0;0m▀[38;2;0;0;0;48;2;255;146;90m▀[38;2;255;146;90;48;2;0;0;0m▀[38;2;247;73;74;48;2;255;146;90m▀[48;2;0;0;0m [0m[38;2;0;0;0m▄[48;2;255;146;90m▀      [38;2;255;146;90;48;2;255;203;140m▀[38;2;255;203;140;48;2;255;146;90m▀[38;2;255;146;90;48;2;99;56;74m▀[38;2;99;56;74;48;2;82;121;123m▀[38;2;255;146;90;48;2;99;56;74m▀[48;2;255;146;90m  [38;2;0;0;0m▀[0m[38;2;0;0;0m▄[0m   
[38;2;0;0;0m▀[38;2;247;73;74;48;2;0;0;0m▀[48;2;247;73;74m                [48;2;99;56;74m▀[38;2;198;73;82;48;2;255;203;140m▀[38;2;247;73;74;48;2;198;73;82m▀[48;2;247;73;74m  [38;2;255;203;140;48;2;0;0;0m▀[0m[38;2;0;0;0m▀▀[48;2;0;0;0m [48;2;255;146;90m▀    [38;2;255;146;90;48;2;247;73;74m▀[48;2;255;146;90m [48;2;255;251;255m▀[38;2;255;251;255;48;2;255;203;140m▀[38;2;255;203;140;48;2;99;56;74m▀[38;2;99;56;74;48;2;82;121;123m▀ [38;2;82;121;123;48;2;99;56;74m▀ [38;2;0;0;0;48;2;82;121;123m▀[38;2;255;146;90;48;2;99;56;74m▀[48;2;255;146;90m  [38;2;0;0;0m▀[0m[38;2;0;0;0m▄[0m 
 [38;2;0;0;0m▀[38;2;247;73;74;48;2;0;0;0m▀[48;2;247;73;74m                [38;2;99;56;74;48;2;0;0;0m▀[38;2;247;73;74m▀ [0m[38;2;0;0;0m▀[0m  [48;2;0;0;0m [38;2;255;203;140;48;2;247;73;74m▀▀▀▀▀▀▀[38;2;255;251;255m▀[38;2;255;203;140;48;2;255;251;255m▀[38;2;99;56;74;48;2;255;203;140m▀[38;2;82;121;123;48;2;99;56;74m▀▀ [38;2;99;56;74;48;2;82;121;123m▀[38;2;82;121;123;48;2;99;56;74m▀ [38;2;99;56;74;48;2;255;146;90m▀ [38;2;255;146;90;48;2;255;203;140m▀[38;2;255;203;140;48;2;255;146;90m▀[48;2;0;0;0m [0m 
  [38;2;0;0;0m▀[38;2;247;73;74;48;2;0;0;0m▀[48;2;247;73;74m           [48;2;0;0;0m▀▀  [38;2;66;56;82m▀[48;2;66;56;82m [48;2;132;121;123m▀[38;2;0;0;0;48;2;66;56;82m▀[0m[38;2;0;0;0m▄▄[48;2;0;0;0m [48;2;247;73;74m [48;2;99;56;74m [38;2;99;56;74;48;2;82;121;123m▀[38;2;198;73;82m▀▀▀▀[38;2;99;56;74m▀[38;2;247;73;74;48;2;99;56;74m▀[38;2;255;251;255;48;2;247;73;74m▀[38;2;255;146;90;48;2;255;203;140m▀[38;2;99;56;74;48;2;255;146;90m▀[38;2;82;121;123;48;2;99;56;74m▀ [38;2;99;56;74;48;2;255;203;140m▀[38;2;255;203;140;48;2;255;146;90m▀[38;2;255;146;90;48;2;255;203;140m▀[38;2;255;203;140;48;2;255;146;90m▀[38;2;255;146;90;48;2;99;56;74m▀[38;2;99;56;74;48;2;255;146;90m▀[38;2;255;146;90;48;2;255;251;255m▀[48;2;0;0;0m [0m
   [38;2;0;0;0m▀[38;2;247;73;74;48;2;0;0;0m▀[48;2;247;73;74m      [48;2;0;0;0m▀▀[38;2;0;0;0;48;2;66;56;82m▀[48;2;0;0;0m [48;2;99;56;74m▀    ▀[38;2;66;56;82m▀[38;2;132;121;123m▀[38;2;66;56;82;48;2;198;73;82m▀[38;2;0;0;0;48;2;247;73;74m▀[48;2;0;0;0m [48;2;247;73;74m [48;2;99;56;74m [38;2;82;121;123m▀[48;2;198;73;82m▀▀▀▀[48;2;99;56;74m▀[48;2;198;73;82m [38;2;99;56;74;48;2;255;146;90m▀[38;2;247;73;74;48;2;99;56;74m▀[38;2;255;203;140;48;2;247;73;74m▀[38;2;255;146;90;48;2;255;203;140m▀[38;2;255;203;140;48;2;255;146;90m▀[38;2;255;146;90;48;2;255;203;140m▀[38;2;255;203;140;48;2;255;146;90m▀[38;2;255;146;90;48;2;99;56;74m▀[38;2;99;56;74;48;2;255;146;90m▀[38;2;255;146;90;48;2;99;56;74m▀[48;2;198;73;82m [38;2;156;219;165;48;2;82;121;123m▀[48;2;0;0;0m [0m
    [38;2;0;0;0m▀[38;2;247;73;74;48;2;0;0;0m▀[48;2;247;73;74m [48;2;0;0;0m▀▀ [38;2;0;0;0;48;2;99;56;74m▀▀▀[38;2;66;56;82;48;2;0;0;0m▀[38;2;132;121;123;48;2;66;56;82m▀[38;2;0;0;0m▀▀[38;2;198;73;82;48;2;0;0;0m▀[48;2;198;73;82m    [48;2;247;73;74m▀[38;2;247;73;74;48;2;198;73;82m▀[38;2;198;73;82;48;2;0;0;0m▀ [48;2;247;73;74m [48;2;198;73;82m [48;2;82;121;123m       [48;2;99;56;74m▀[38;2;255;146;90m▀[38;2;198;73;82;48;2;247;73;74m▀ [48;2;255;251;255m [38;2;255;146;90;48;2;99;56;74m▀[38;2;99;56;74;48;2;255;146;90m▀[38;2;255;146;90;48;2;198;73;82m▀[38;2;198;73;82;48;2;247;73;74m▀[48;2;99;56;74m ▀[48;2;0;0;0m [0m 
   [38;2;0;0;0m▄[48;2;0;0;0m [48;2;99;56;74m▀▀[38;2;132;121;123;48;2;0;0;0m▀[48;2;198;73;82m▀[48;2;0;0;0m [48;2;99;56;74m    [38;2;0;0;0m▀[38;2;66;56;82;48;2;0;0;0m▀[38;2;132;121;123;48;2;66;56;82m▀[38;2;66;56;82;48;2;132;121;123m▀[38;2;0;0;0;48;2;66;56;82m▀[38;2;198;73;82;48;2;0;0;0m▀[48;2;247;73;74m▀[38;2;247;73;74;48;2;198;73;82m▀[38;2;198;73;82;48;2;0;0;0m▀[38;2;0;0;0;48;2;198;73;82m▀ [48;2;0;0;0m [48;2;247;73;74m [48;2;198;73;82m [38;2;198;73;82;48;2;247;73;74m▀▀▀▀▀[48;2;255;146;90m▀▀[48;2;247;73;74m▀[48;2;198;73;82m [48;2;247;73;74m  [48;2;255;203;140m [48;2;198;73;82m [38;2;255;251;255;48;2;156;219;165m▀[48;2;198;73;82m [38;2;247;73;74;48;2;99;56;74m▀[38;2;99;56;74;48;2;255;146;90m▀[38;2;255;146;90;48;2;247;73;74m▀[38;2;0;0;0;48;2;255;203;140m▀[0m[38;2;0;0;0m▄[0m
   [48;2;0;0;0m [38;2;255;146;90;48;2;247;73;74m▀▀▀▀▀▀▀▀▀▀▀▀▀▀[38;2;255;203;140m▀[48;2;255;146;90m [38;2;198;73;82;48;2;0;0;0m▀[38;2;0;0;0;48;2;198;73;82m▀   [48;2;0;0;0m [48;2;247;73;74m [48;2;99;56;74m [48;2;247;73;74m       [38;2;99;56;74;48;2;198;73;82m▀[38;2;255;146;90;48;2;99;56;74m▀[38;2;198;73;82;48;2;247;73;74m▀ [48;2;255;203;140m [48;2;99;56;74m▀[38;2;82;121;123m▀[38;2;99;56;74;48;2;255;146;90m▀[38;2;255;146;90;48;2;247;73;74m▀[38;2;247;73;74;48;2;255;203;140m▀[38;2;255;203;140;48;2;247;73;74m▀[48;2;255;146;90m [48;2;0;0;0m [0m
  [38;2;0;0;0m▄[48;2;0;0;0m [48;2;198;73;82m▀▀▀▀▀▀▀▀▀▀▀▀▀▀▀[48;2;247;73;74m▀[38;2;99;56;74m▀▀▀▀▀▀ ▀▀[38;2;198;73;82m▀▀▀▀▀[38;2;99;56;74m▀▀▀[38;2;247;73;74;48;2;255;146;90m▀[48;2;255;251;255m▀[38;2;255;203;140;48;2;247;73;74m▀[38;2;99;56;74;48;2;255;146;90m▀[38;2;255;146;90;48;2;247;73;74m▀[38;2;247;73;74;48;2;255;203;140m▀[38;2;255;203;140;48;2;255;146;90m▀ [48;2;247;73;74m [38;2;255;146;90;48;2;0;0;0m▀[0m[38;2;0;0;0m▀[0m
  [48;2;0;0;0m [38;2;247;73;74m▀▀  [38;2;0;0;0;48;2;66;56;82m▀▀▀[48;2;90;81;99m▀[48;2;66;56;82m▀[48;2;132;121;123m▀[48;2;0;0;0m [38;2;247;73;74m▀▀▀ [38;2;0;0;0;48;2;66;56;82m▀▀▀[48;2;90;81;99m▀[48;2;66;56;82m▀[48;2;132;121;123m▀[38;2;247;73;74;48;2;0;0;0m▀[48;2;247;73;74m      [48;2;0;0;0m▀[38;2;0;0;0;48;2;66;56;82m▀▀▀[48;2;90;81;99m▀[48;2;66;56;82m▀[48;2;132;121;123m▀[38;2;247;73;74;48;2;0;0;0m▀[38;2;198;73;82;48;2;247;73;74m▀[38;2;247;73;74;48;2;198;73;82m▀[38;2;255;251;255;48;2;255;203;140m▀[48;2;247;73;74m [48;2;255;146;90m [38;2;255;146;90;48;2;0;0;0m▀[38;2;0;0;0;48;2;66;56;82m▀[48;2;0;0;0m [0m 
   [38;2;0;0;0m▀[48;2;0;0;0m [48;2;66;56;82m▀ [38;2;66;56;82;48;2;41;32;49m▀[38;2;41;32;49;48;2;0;0;0m▀[38;2;0;0;0;48;2;99;56;74m▀▀[38;2;41;32;49;48;2;0;0;0m▀[38;2;66;56;82;48;2;41;32;49m▀[38;2;90;81;99;48;2;66;56;82m▀[38;2;0;0;0;48;2;90;81;99m▀[48;2;0;0;0m [48;2;66;56;82m▀ [38;2;66;56;82;48;2;41;32;49m▀[38;2;41;32;49;48;2;0;0;0m▀[38;2;0;0;0;48;2;99;56;74m▀▀[38;2;41;32;49;48;2;0;0;0m▀[38;2;66;56;82;48;2;41;32;49m▀[38;2;90;81;99;48;2;66;56;82m▀[38;2;0;0;0;48;2;90;81;99m▀[38;2;247;73;74;48;2;0;0;0m▀[48;2;247;73;74m  [48;2;0;0;0m▀[38;2;0;0;0;48;2;66;56;82m▀ [38;2;66;56;82;48;2;41;32;49m▀[38;2;41;32;49;48;2;0;0;0m▀[38;2;0;0;0;48;2;99;56;74m▀[48;2;198;73;82m▀[38;2;41;32;49;48;2;0;0;0m▀[38;2;66;56;82;48;2;41;32;49m▀[38;2;132;121;123;48;2;66;56;82m▀[38;2;0;0;0;48;2;90;81;99m▀[48;2;198;73;82m [48;2;255;146;90m [38;2;247;73;74;48;2;0;0;0m▀[38;2;0;0;0;48;2;247;73;74m▀[38;2;66;56;82;48;2;0;0;0m▀[0m[38;2;0;0;0m▀[0m  
    [48;2;0;0;0m [48;2;90;81;99m [38;2;41;32;49;48;2;0;0;0m▀[38;2;0;0;0;48;2;247;73;74m▀[48;2;198;73;82m [38;2;99;56;74m▀[48;2;255;146;90m▀[38;2;198;73;82;48;2;99;56;74m▀[38;2;0;0;0m▀[38;2;41;32;49;48;2;0;0;0m▀[48;2;90;81;99m [48;2;0;0;0m [48;2;90;81;99m [48;2;0;0;0m▀[38;2;0;0;0;48;2;247;73;74m▀[48;2;198;73;82m [38;2;99;56;74m▀[48;2;255;146;90m▀[38;2;198;73;82;48;2;99;56;74m▀[38;2;0;0;0m▀[38;2;41;32;49;48;2;0;0;0m▀[48;2;90;81;99m [48;2;0;0;0m [38;2;247;73;74m▀▀ [48;2;90;81;99m [38;2;41;32;49;48;2;0;0;0m▀[38;2;0;0;0;48;2;247;73;74m▀[48;2;198;73;82m [38;2;99;56;74m▀[48;2;255;146;90m▀[38;2;198;73;82;48;2;99;56;74m▀[38;2;0;0;0m▀[38;2;41;32;49;48;2;0;0;0m▀[48;2;90;81;99m [38;2;198;73;82;48;2;0;0;0m▀[38;2;0;0;0;48;2;247;73;74m▀[48;2;0;0;0m   [48;2;41;32;49m▀[0m[38;2;41;32;49m▀[0m 
    [48;2;0;0;0m [38;2;132;121;123;48;2;90;81;99m▀[38;2;0;0;0;48;2;41;32;49m▀[38;2;255;146;90;48;2;99;56;74m▀[38;2;198;73;82;48;2;255;203;140m▀[38;2;99;56;74;48;2;198;73;82m▀ ▀[48;2;0;0;0m▀[38;2;0;0;0;48;2;41;32;49m▀[48;2;132;121;123m [48;2;0;0;0m [38;2;132;121;123;48;2;90;81;99m▀[38;2;0;0;0;48;2;41;32;49m▀[38;2;255;146;90;48;2;99;56;74m▀[38;2;198;73;82;48;2;255;203;140m▀[38;2;99;56;74;48;2;198;73;82m▀ ▀[48;2;0;0;0m▀[38;2;0;0;0;48;2;41;32;49m▀[48;2;132;121;123m [48;2;0;0;0m    [38;2;132;121;123;48;2;90;81;99m▀[38;2;0;0;0;48;2;41;32;49m▀[38;2;255;146;90;48;2;99;56;74m▀[38;2;198;73;82;48;2;255;203;140m▀[38;2;99;56;74;48;2;198;73;82m▀ ▀[48;2;0;0;0m▀[38;2;0;0;0;48;2;41;32;49m▀[38;2;132;121;123;48;2;214;186;173m▀[48;2;0;0;0m   [38;2;0;0;0;48;2;41;32;49m▀[0m[38;2;41;32;49m▀[0m   
   [38;2;41;32;49m▄[48;2;0;0;0m [38;2;214;186;173m▀[38;2;66;56;82;48;2;214;186;173m▀[38;2;41;32;49;48;2;66;56;82m▀[38;2;99;56;74;48;2;41;32;49m▀[38;2;255;203;140;48;2;0;0;0m▀[38;2;247;73;74m▀[38;2;0;0;0;48;2;41;32;49m▀[38;2;41;32;49;48;2;66;56;82m▀[38;2;66;56;82;48;2;132;121;123m▀[38;2;90;81;99;48;2;0;0;0m▀ [38;2;214;186;173m▀[38;2;66;56;82;48;2;214;186;173m▀[38;2;41;32;49;48;2;66;56;82m▀[38;2;99;56;74;48;2;41;32;49m▀[38;2;255;203;140;48;2;0;0;0m▀[38;2;247;73;74m▀[38;2;0;0;0;48;2;41;32;49m▀[38;2;41;32;49;48;2;66;56;82m▀[38;2;66;56;82;48;2;132;121;123m▀[38;2;90;81;99;48;2;0;0;0m▀    [38;2;214;186;173m▀[38;2;66;56;82;48;2;214;186;173m▀[38;2;41;32;49;48;2;66;56;82m▀[38;2;99;56;74;48;2;41;32;49m▀[38;2;255;203;140;48;2;0;0;0m▀[38;2;247;73;74m▀[38;2;0;0;0;48;2;41;32;49m▀[38;2;41;32;49;48;2;66;56;82m▀[38;2;66;56;82;48;2;132;121;123m▀[38;2;90;81;99;48;2;0;0;0m▀ [38;2;0;0;0;48;2;41;32;49m▀[0m[38;2;41;32;49m▀[0m     
 [38;2;41;32;49m▄[48;2;0;0;0m▀    [38;2;214;186;173m▀[38;2;90;81;99m▀[38;2;132;121;123m▀[38;2;90;81;99m▀[38;2;132;121;123m▀[38;2;90;81;99m▀     [38;2;214;186;173m▀[38;2;90;81;99m▀[38;2;132;121;123m▀[38;2;90;81;99m▀[38;2;132;121;123m▀[38;2;90;81;99m▀        [38;2;214;186;173m▀[38;2;90;81;99m▀[38;2;132;121;123m▀[38;2;90;81;99m▀[38;2;132;121;123m▀[38;2;90;81;99m▀ [38;2;0;0;0;48;2;41;32;49m▀[0m[38;2;41;32;49m▀[0m       
